ODOMETRY 0 1 0.000000 0.000000 -0.000000 10.000000 0.000000 0.000000 10.000000 0.000000 10.000000
ODOMETRY 1 2 0.007647 0.027841 0.015188 10.000000 0.000000 0.000000 10.000000 0.000000 10.000000
ODOMETRY 2 3 0.024535 0.078823 0.018527 10.000000 0.000000 0.000000 10.000000 0.000000 10.000000
ODOMETRY 3 4 0.043576 0.122668 0.021041 10.000000 0.000000 0.000000 10.000000 0.000000 10.000000
ODOMETRY 4 5 0.064721 0.159155 0.023859 10.000000 0.000000 0.000000 10.000000 0.000000 10.000000
ODOMETRY 5 6 0.087884 0.188008 0.027182 10.000000 0.000000 0.000000 10.000000 0.000000 10.000000
ODOMETRY 6 7 0.112927 0.208878 0.031171 10.000000 0.000000 0.000000 10.000000 0.000000 10.000000
ODOMETRY 7 8 0.139629 0.221327 0.036015 10.000000 0.000000 0.000000 10.000000 0.000000 10.000000
ODOMETRY 8 9 0.167649 0.224803 0.041955 10.000000 0.000000 0.000000 10.000000 0.000000 10.000000
ODOMETRY 9 10 0.196443 0.218613 0.049297 10.000000 0.000000 0.000000 10.000000 0.000000 10.000000
ODOMETRY 10 11 0.224796 0.202308 0.056672 10.000000 0.000000 0.000000 10.000000 0.000000 10.000000
ODOMETRY 11 12 0.249856 0.177093 0.059526 10.000000 0.000000 0.000000 10.000000 0.000000 10.000000
ODOMETRY 12 13 0.268700 0.144437 0.063845 10.000000 0.000000 0.000000 10.000000 0.000000 10.000000
ODOMETRY 13 14 0.279966 0.104552 0.071972 10.000000 0.000000 0.000000 10.000000 0.000000 10.000000
ODOMETRY 14 15 0.282145 0.057309 0.085045 10.000000 0.000000 0.000000 10.000000 0.000000 10.000000
ODOMETRY 15 16 0.272708 0.002824 0.104992 10.000000 0.000000 0.000000 10.000000 0.000000 10.000000
ODOMETRY 16 17 0.247495 -0.057762 0.134644 10.000000 0.000000 0.000000 10.000000 0.000000 10.000000
ODOMETRY 17 18 0.200252 -0.120306 0.177062 10.000000 0.000000 0.000000 10.000000 0.000000 10.000000
ODOMETRY 18 19 0.124245 -0.173706 0.231854 10.000000 0.000000 0.000000 10.000000 0.000000 10.000000
ODOMETRY 19 20 0.020392 -0.196967 0.285876 10.000000 0.000000 0.000000 10.000000 0.000000 10.000000
ODOMETRY 20 21 -0.088576 -0.171108 0.294967 10.000000 0.000000 0.000000 10.000000 0.000000 10.000000
ODOMETRY 21 22 -0.169303 -0.111038 0.217670 10.000000 0.000000 0.000000 10.000000 0.000000 10.000000
ODOMETRY 22 23 -0.216525 -0.048754 0.141339 10.000000 0.000000 0.000000 10.000000 0.000000 10.000000
ODOMETRY 23 24 -0.241682 0.002017 0.088479 10.000000 0.000000 0.000000 10.000000 0.000000 10.000000
ODOMETRY 24 25 -0.253629 0.037843 0.051289 10.000000 0.000000 0.000000 10.000000 0.000000 10.000000
ODOMETRY 25 26 -0.257096 0.057884 0.022048 10.000000 0.000000 0.000000 10.000000 0.000000 10.000000
ODOMETRY 26 27 -0.254312 0.061714 -0.005430 10.000000 0.000000 0.000000 10.000000 0.000000 10.000000
ODOMETRY 27 28 -0.245680 0.048533 -0.037605 10.000000 0.000000 0.000000 10.000000 0.000000 10.000000
ODOMETRY 28 29 -0.229264 0.016728 -0.084596 10.000000 0.000000 0.000000 10.000000 0.000000 10.000000
ODOMETRY 29 30 -0.197833 -0.035758 -0.167058 10.000000 0.000000 0.000000 10.000000 0.000000 10.000000
ODOMETRY 30 31 -0.133089 -0.100618 -0.301466 10.000000 0.000000 0.000000 10.000000 0.000000 10.000000
ODOMETRY 31 32 -0.034572 -0.132692 -0.367110 10.000000 0.000000 0.000000 10.000000 0.000000 10.000000
ODOMETRY 32 33 0.051407 -0.117291 -0.300841 10.000000 0.000000 0.000000 10.000000 0.000000 10.000000
ODOMETRY 33 34 0.107914 -0.085782 -0.185250 10.000000 0.000000 0.000000 10.000000 0.000000 10.000000
ODOMETRY 34 35 0.144908 -0.060349 -0.091764 10.000000 0.000000 0.000000 10.000000 0.000000 10.000000
ODOMETRY 35 36 0.171682 -0.048523 -0.027402 10.000000 0.000000 0.000000 10.000000 0.000000 10.000000
ODOMETRY 36 37 0.191941 -0.052379 0.018357 10.000000 0.000000 0.000000 10.000000 0.000000 10.000000
ODOMETRY 37 38 0.205417 -0.072254 0.053465 10.000000 0.000000 0.000000 10.000000 0.000000 10.000000
ODOMETRY 38 39 0.209346 -0.107252 0.081764 10.000000 0.000000 0.000000 10.000000 0.000000 10.000000
ODOMETRY 39 40 0.199657 -0.154776 0.104221 10.000000 0.000000 0.000000 10.000000 0.000000 10.000000
ODOMETRY 40 41 0.173746 -0.209023 0.113640 10.000000 0.000000 0.000000 10.000000 0.000000 10.000000
ODOMETRY 41 42 0.136401 -0.259947 0.096624 10.000000 0.000000 0.000000 10.000000 0.000000 10.000000
ODOMETRY 42 43 0.094278 -0.298567 0.080747 10.000000 0.000000 0.000000 10.000000 0.000000 10.000000
ODOMETRY 43 44 0.050348 -0.324160 0.071026 10.000000 0.000000 0.000000 10.000000 0.000000 10.000000
ODOMETRY 44 45 0.005795 -0.337664 0.065901 10.000000 0.000000 0.000000 10.000000 0.000000 10.000000
ODOMETRY 45 46 -0.038645 -0.339530 0.064592 10.000000 0.000000 0.000000 10.000000 0.000000 10.000000
ODOMETRY 46 47 -0.082403 -0.329770 0.066942 10.000000 0.000000 0.000000 10.000000 0.000000 10.000000
ODOMETRY 47 48 -0.124853 -0.307938 0.073388 10.000000 0.000000 0.000000 10.000000 0.000000 10.000000
ODOMETRY 48 49 -0.165037 -0.273043 0.085091 10.000000 0.000000 0.000000 10.000000 0.000000 10.000000
ODOMETRY 49 50 -0.201142 -0.223405 0.104240 10.000000 0.000000 0.000000 10.000000 0.000000 10.000000
ODOMETRY 50 51 -0.228804 -0.157545 0.130547 10.000000 0.000000 0.000000 10.000000 0.000000 10.000000
ODOMETRY 51 52 -0.240244 -0.080797 0.148027 10.000000 0.000000 0.000000 10.000000 0.000000 10.000000
ODOMETRY 52 53 -0.234576 -0.004832 0.155806 10.000000 0.000000 0.000000 10.000000 0.000000 10.000000
ODOMETRY 53 54 -0.213556 0.063570 0.154113 10.000000 0.000000 0.000000 10.000000 0.000000 10.000000
ODOMETRY 54 55 -0.181179 0.120401 0.143096 10.000000 0.000000 0.000000 10.000000 0.000000 10.000000
ODOMETRY 55 56 -0.142864 0.164336 0.125554 10.000000 0.000000 0.000000 10.000000 0.000000 10.000000
ODOMETRY 56 57 -0.103533 0.196513 0.105166 10.000000 0.000000 0.000000 10.000000 0.000000 10.000000
ODOMETRY 57 58 -0.066627 0.219340 0.084825 10.000000 0.000000 0.000000 10.000000 0.000000 10.000000
ODOMETRY 58 59 -0.034131 0.235412 0.066099 10.000000 0.000000 0.000000 10.000000 0.000000 10.000000
ODOMETRY 59 60 -0.007010 0.246948 0.049505 10.000000 0.000000 0.000000 10.000000 0.000000 10.000000
ODOMETRY 60 61 0.014668 0.255602 0.036198 10.000000 0.000000 0.000000 10.000000 0.000000 10.000000
ODOMETRY 61 62 0.032395 0.262094 0.029455 10.000000 0.000000 0.000000 10.000000 0.000000 10.000000
ODOMETRY 62 63 0.047708 0.265947 0.025068 10.000000 0.000000 0.000000 10.000000 0.000000 10.000000
ODOMETRY 63 64 0.060892 0.267180 0.021509 10.000000 0.000000 0.000000 10.000000 0.000000 10.000000
ODOMETRY 64 65 0.071941 0.265971 0.018574 10.000000 0.000000 0.000000 10.000000 0.000000 10.000000
ODOMETRY 65 66 0.080857 0.262459 0.016112 10.000000 0.000000 0.000000 10.000000 0.000000 10.000000
ODOMETRY 66 67 0.087647 0.256749 0.014009 10.000000 0.000000 0.000000 10.000000 0.000000 10.000000
ODOMETRY 67 68 0.092320 0.248924 0.012172 10.000000 0.000000 0.000000 10.000000 0.000000 10.000000
ODOMETRY 68 69 0.094882 0.239049 0.010523 10.000000 0.000000 0.000000 10.000000 0.000000 10.000000
ODOMETRY 69 70 0.095341 0.227178 0.008987 10.000000 0.000000 0.000000 10.000000 0.000000 10.000000
ODOMETRY 70 71 0.094082 0.213185 0.009270 10.000000 0.000000 0.000000 10.000000 0.000000 10.000000
ODOMETRY 71 72 0.093144 0.196629 0.017510 10.000000 0.000000 0.000000 10.000000 0.000000 10.000000
ODOMETRY 72 73 0.094955 0.178114 0.029884 10.000000 0.000000 0.000000 10.000000 0.000000 10.000000
ODOMETRY 73 74 0.099810 0.157408 0.045437 10.000000 0.000000 0.000000 10.000000 0.000000 10.000000
ODOMETRY 74 75 0.107178 0.133759 0.064974 10.000000 0.000000 0.000000 10.000000 0.000000 10.000000
ODOMETRY 75 76 0.115982 0.106157 0.089107 10.000000 0.000000 0.000000 10.000000 0.000000 10.000000
ODOMETRY 76 77 0.124248 0.073565 0.117513 10.000000 0.000000 0.000000 10.000000 0.000000 10.000000
ODOMETRY 77 78 0.128829 0.035584 0.147578 10.000000 0.000000 0.000000 10.000000 0.000000 10.000000
ODOMETRY 78 79 0.125858 -0.006451 -6.110065 10.000000 0.000000 0.000000 10.000000 0.000000 10.000000
ODOMETRY 79 80 0.112484 -0.048897 0.185729 10.000000 0.000000 0.000000 10.000000 0.000000 10.000000
ODOMETRY 80 81 0.089266 -0.086811 0.175666 10.000000 0.000000 0.000000 10.000000 0.000000 10.000000
ODOMETRY 81 82 0.061510 -0.116420 0.137614 10.000000 0.000000 0.000000 10.000000 0.000000 10.000000
ODOMETRY 82 83 0.034831 -0.137365 0.100123 10.000000 0.000000 0.000000 10.000000 0.000000 10.000000
ODOMETRY 83 84 0.011856 -0.152148 0.070441 10.000000 0.000000 0.000000 10.000000 0.000000 10.000000
ODOMETRY 84 85 -0.006524 -0.163063 0.047311 10.000000 0.000000 0.000000 10.000000 0.000000 10.000000
ODOMETRY 85 86 -0.020027 -0.171570 0.028906 10.000000 0.000000 0.000000 10.000000 0.000000 10.000000
ODOMETRY 86 87 -0.028580 -0.178528 0.013630 10.000000 0.000000 0.000000 10.000000 0.000000 10.000000
ODOMETRY 87 88 -0.032146 -0.184371 0.000249 10.000000 0.000000 0.000000 10.000000 0.000000 10.000000
ODOMETRY 88 89 -0.030667 -0.189214 -0.012191 10.000000 0.000000 0.000000 10.000000 0.000000 10.000000
ODOMETRY 89 90 -0.024051 -0.192896 -0.024445 10.000000 0.000000 0.000000 10.000000 0.000000 10.000000
ODOMETRY 90 91 -0.013182 -0.194915 -0.032071 10.000000 0.000000 0.000000 10.000000 0.000000 10.000000
ODOMETRY 91 92 -0.003030 -0.194923 -0.019909 10.000000 0.000000 0.000000 10.000000 0.000000 10.000000
ODOMETRY 92 93 0.001352 -0.193872 -0.002608 10.000000 0.000000 0.000000 10.000000 0.000000 10.000000
ODOMETRY 93 94 -0.001068 -0.192156 0.015137 10.000000 0.000000 0.000000 10.000000 0.000000 10.000000
ODOMETRY 94 95 -0.010318 -0.189486 0.033705 10.000000 0.000000 0.000000 10.000000 0.000000 10.000000
ODOMETRY 95 96 -0.026346 -0.184992 0.053363 10.000000 0.000000 0.000000 10.000000 0.000000 10.000000
ODOMETRY 96 97 -0.048821 -0.177186 0.074035 10.000000 0.000000 0.000000 10.000000 0.000000 10.000000
ODOMETRY 97 98 -0.076804 -0.164044 0.094981 10.000000 0.000000 0.000000 10.000000 0.000000 10.000000
ODOMETRY 98 99 -0.108371 -0.143342 0.114489 10.000000 0.000000 0.000000 10.000000 0.000000 10.000000
ODOMETRY 99 100 -0.140456 -0.113360 0.129909 10.000000 0.000000 0.000000 10.000000 0.000000 10.000000
ODOMETRY 100 101 -0.168902 -0.074616 0.133150 10.000000 0.000000 0.000000 10.000000 0.000000 10.000000
ODOMETRY 101 102 -0.189152 -0.032082 0.114829 10.000000 0.000000 0.000000 10.000000 0.000000 10.000000
ODOMETRY 102 103 -0.196361 0.009353 0.100777 10.000000 0.000000 0.000000 10.000000 0.000000 10.000000
ODOMETRY 103 104 -0.190660 0.047520 0.095890 10.000000 0.000000 0.000000 10.000000 0.000000 10.000000
ODOMETRY 104 105 -0.172776 0.081443 0.100336 10.000000 0.000000 0.000000 10.000000 0.000000 10.000000
ODOMETRY 105 106 -0.142406 0.110021 0.116972 10.000000 0.000000 0.000000 10.000000 0.000000 10.000000
ODOMETRY 106 107 -0.098005 0.130949 0.153533 10.000000 0.000000 0.000000 10.000000 0.000000 10.000000
ODOMETRY 107 108 -0.036935 0.137841 0.227156 10.000000 0.000000 0.000000 10.000000 0.000000 10.000000
ODOMETRY 108 109 0.038614 0.113283 0.363156 10.000000 0.000000 0.000000 10.000000 0.000000 10.000000
ODOMETRY 109 110 0.093952 0.035209 0.520575 10.000000 0.000000 0.000000 10.000000 0.000000 10.000000
ODOMETRY 110 111 0.077417 -0.057996 0.480935 10.000000 0.000000 0.000000 10.000000 0.000000 10.000000
ODOMETRY 111 112 0.019694 -0.116222 0.279048 10.000000 0.000000 0.000000 10.000000 0.000000 10.000000
ODOMETRY 112 113 -0.040578 -0.144045 0.163401 10.000000 0.000000 0.000000 10.000000 0.000000 10.000000
ODOMETRY 113 114 -0.093655 -0.152935 0.111484 10.000000 0.000000 0.000000 10.000000 0.000000 10.000000
ODOMETRY 114 115 -0.138101 -0.148529 0.088075 10.000000 0.000000 0.000000 10.000000 0.000000 10.000000
ODOMETRY 115 116 -0.173507 -0.133064 0.079455 10.000000 0.000000 0.000000 10.000000 0.000000 10.000000
ODOMETRY 116 117 -0.199322 -0.107326 0.080844 10.000000 0.000000 0.000000 10.000000 0.000000 10.000000
ODOMETRY 117 118 -0.214385 -0.071367 0.091741 10.000000 0.000000 0.000000 10.000000 0.000000 10.000000
ODOMETRY 118 119 -0.216272 -0.024904 0.114965 10.000000 0.000000 0.000000 10.000000 0.000000 10.000000
ODOMETRY 119 120 -0.199935 0.031824 0.157527 10.000000 0.000000 0.000000 10.000000 0.000000 10.000000
ODOMETRY 120 121 -0.156579 0.092693 0.219135 10.000000 0.000000 0.000000 10.000000 0.000000 10.000000
ODOMETRY 121 122 -0.086686 0.135747 0.248845 10.000000 0.000000 0.000000 10.000000 0.000000 10.000000
ODOMETRY 122 123 -0.010588 0.147208 0.247659 10.000000 0.000000 0.000000 10.000000 0.000000 10.000000
ODOMETRY 123 124 0.055595 0.130403 0.227144 10.000000 0.000000 0.000000 10.000000 0.000000 10.000000
ODOMETRY 124 125 0.104114 0.095485 0.198463 10.000000 0.000000 0.000000 10.000000 0.000000 10.000000
ODOMETRY 125 126 0.133721 0.052156 0.171842 10.000000 0.000000 0.000000 10.000000 0.000000 10.000000
ODOMETRY 126 127 0.146211 0.006977 -6.130826 10.000000 0.000000 0.000000 10.000000 0.000000 10.000000
ODOMETRY 127 128 0.143818 -0.036139 0.141514 10.000000 0.000000 0.000000 10.000000 0.000000 10.000000
ODOMETRY 128 129 0.128205 -0.074658 0.139628 10.000000 0.000000 0.000000 10.000000 0.000000 10.000000
ODOMETRY 129 130 0.100350 -0.106298 0.147216 10.000000 0.000000 0.000000 10.000000 0.000000 10.000000
ODOMETRY 130 131 0.061179 -0.127926 0.163322 10.000000 0.000000 0.000000 10.000000 0.000000 10.000000
ODOMETRY 131 132 0.014931 -0.135898 0.173334 10.000000 0.000000 0.000000 10.000000 0.000000 10.000000
ODOMETRY 132 133 -0.031312 -0.131803 0.169335 10.000000 0.000000 0.000000 10.000000 0.000000 10.000000
ODOMETRY 133 134 -0.073470 -0.118165 0.153691 10.000000 0.000000 0.000000 10.000000 0.000000 10.000000
ODOMETRY 134 135 -0.109858 -0.098174 0.131550 10.000000 0.000000 0.000000 10.000000 0.000000 10.000000
ODOMETRY 135 136 -0.140615 -0.074924 0.108176 10.000000 0.000000 0.000000 10.000000 0.000000 10.000000
ODOMETRY 136 137 -0.166842 -0.050617 0.086829 10.000000 0.000000 0.000000 10.000000 0.000000 10.000000
ODOMETRY 137 138 -0.189851 -0.026554 0.068764 10.000000 0.000000 0.000000 10.000000 0.000000 10.000000
ODOMETRY 138 139 -0.210795 -0.003405 0.054050 10.000000 0.000000 0.000000 10.000000 0.000000 10.000000
ODOMETRY 139 140 -0.230569 0.018522 0.042263 10.000000 0.000000 0.000000 10.000000 0.000000 10.000000
ODOMETRY 140 141 -0.249846 0.039010 0.032462 10.000000 0.000000 0.000000 10.000000 0.000000 10.000000
ODOMETRY 141 142 -0.268202 0.057465 0.023722 10.000000 0.000000 0.000000 10.000000 0.000000 10.000000
ODOMETRY 142 143 -0.282158 0.072667 0.017270 10.000000 0.000000 0.000000 10.000000 0.000000 10.000000
ODOMETRY 143 144 -0.291017 0.084252 0.012473 10.000000 0.000000 0.000000 10.000000 0.000000 10.000000
ODOMETRY 144 145 -0.294952 0.092181 0.008633 10.000000 0.000000 0.000000 10.000000 0.000000 10.000000
ODOMETRY 145 146 -0.294075 0.096421 0.005288 10.000000 0.000000 0.000000 10.000000 0.000000 10.000000
ODOMETRY 146 147 -0.288459 0.096936 0.002071 10.000000 0.000000 0.000000 10.000000 0.000000 10.000000
ODOMETRY 147 148 -0.278151 0.093681 -0.001396 10.000000 0.000000 0.000000 10.000000 0.000000 10.000000
ODOMETRY 148 149 -0.263171 0.086582 -0.005627 10.000000 0.000000 0.000000 10.000000 0.000000 10.000000
ODOMETRY 149 150 -0.243510 0.075514 -0.011511 10.000000 0.000000 0.000000 10.000000 0.000000 10.000000
ODOMETRY 150 151 -0.218907 0.060942 -0.017674 10.000000 0.000000 0.000000 10.000000 0.000000 10.000000
ODOMETRY 151 152 -0.189838 0.046704 -0.012612 10.000000 0.000000 0.000000 10.000000 0.000000 10.000000
ODOMETRY 152 153 -0.161632 0.037771 0.000945 10.000000 0.000000 0.000000 10.000000 0.000000 10.000000
ODOMETRY 153 154 -0.135695 0.035199 0.023296 10.000000 0.000000 0.000000 10.000000 0.000000 10.000000
ODOMETRY 154 155 -0.111554 0.038817 0.057761 10.000000 0.000000 0.000000 10.000000 0.000000 10.000000
ODOMETRY 155 156 -0.087854 0.047780 0.105493 10.000000 0.000000 0.000000 10.000000 0.000000 10.000000
ODOMETRY 156 157 -0.062560 0.059696 0.158364 10.000000 0.000000 0.000000 10.000000 0.000000 10.000000
ODOMETRY 157 158 -0.034760 0.070487 0.192315 10.000000 0.000000 0.000000 10.000000 0.000000 10.000000
ODOMETRY 158 159 -0.006342 0.077321 0.183997 10.000000 0.000000 0.000000 10.000000 0.000000 10.000000
ODOMETRY 159 160 0.020261 0.081459 0.141614 10.000000 0.000000 0.000000 10.000000 0.000000 10.000000
ODOMETRY 160 161 0.044749 0.086144 0.093709 10.000000 0.000000 0.000000 10.000000 0.000000 10.000000
ODOMETRY 161 162 0.068152 0.092704 0.061121 10.000000 0.000000 0.000000 10.000000 0.000000 10.000000
ODOMETRY 162 163 0.089795 0.099032 0.041468 10.000000 0.000000 0.000000 10.000000 0.000000 10.000000
ODOMETRY 163 164 0.109524 0.104963 0.028670 10.000000 0.000000 0.000000 10.000000 0.000000 10.000000
ODOMETRY 164 165 0.127486 0.110829 0.019852 10.000000 0.000000 0.000000 10.000000 0.000000 10.000000
ODOMETRY 165 166 0.143781 0.116817 0.013468 10.000000 0.000000 0.000000 10.000000 0.000000 10.000000
ODOMETRY 166 167 0.158469 0.123037 0.008639 10.000000 0.000000 0.000000 10.000000 0.000000 10.000000
ODOMETRY 167 168 0.171586 0.129553 0.004836 10.000000 0.000000 0.000000 10.000000 0.000000 10.000000
ODOMETRY 168 169 0.183151 0.136406 0.001728 10.000000 0.000000 0.000000 10.000000 0.000000 10.000000
ODOMETRY 169 170 0.193166 0.143618 -0.000903 10.000000 0.000000 0.000000 10.000000 0.000000 10.000000
ODOMETRY 170 171 0.201977 0.150725 -0.000867 10.000000 0.000000 0.000000 10.000000 0.000000 10.000000
ODOMETRY 171 172 0.210929 0.154977 0.008303 10.000000 0.000000 0.000000 10.000000 0.000000 10.000000
ODOMETRY 172 173 0.220015 0.152403 0.019549 10.000000 0.000000 0.000000 10.000000 0.000000 10.000000
ODOMETRY 173 174 0.228865 0.141813 0.031525 10.000000 0.000000 0.000000 10.000000 0.000000 10.000000
ODOMETRY 174 175 0.236833 0.122664 0.045315 10.000000 0.000000 0.000000 10.000000 0.000000 10.000000
ODOMETRY 175 176 0.242724 0.094260 0.062161 10.000000 0.000000 0.000000 10.000000 0.000000 10.000000
ODOMETRY 176 177 0.244460 0.055875 0.083548 10.000000 0.000000 0.000000 10.000000 0.000000 10.000000
ODOMETRY 177 178 0.238547 0.007180 0.111069 10.000000 0.000000 0.000000 10.000000 0.000000 10.000000
ODOMETRY 178 179 0.219548 -0.050624 0.145641 10.000000 0.000000 0.000000 10.000000 0.000000 10.000000
ODOMETRY 179 180 0.180447 -0.112525 0.185323 10.000000 0.000000 0.000000 10.000000 0.000000 10.000000
ODOMETRY 180 181 0.117365 -0.166268 0.213228 10.000000 0.000000 0.000000 10.000000 0.000000 10.000000
ODOMETRY 181 182 0.041562 -0.197031 0.193539 10.000000 0.000000 0.000000 10.000000 0.000000 10.000000
ODOMETRY 182 183 -0.029567 -0.204484 0.157952 10.000000 0.000000 0.000000 10.000000 0.000000 10.000000
ODOMETRY 183 184 -0.089293 -0.196820 0.124360 10.000000 0.000000 0.000000 10.000000 0.000000 10.000000
ODOMETRY 184 185 -0.136836 -0.181219 0.096482 10.000000 0.000000 0.000000 10.000000 0.000000 10.000000
ODOMETRY 185 186 -0.173198 -0.162350 0.074483 10.000000 0.000000 0.000000 10.000000 0.000000 10.000000
ODOMETRY 186 187 -0.199756 -0.143012 0.057256 10.000000 0.000000 0.000000 10.000000 0.000000 10.000000
ODOMETRY 187 188 -0.217743 -0.124840 0.043504 10.000000 0.000000 0.000000 10.000000 0.000000 10.000000
ODOMETRY 188 189 -0.228128 -0.108795 0.032079 10.000000 0.000000 0.000000 10.000000 0.000000 10.000000
ODOMETRY 189 190 -0.231618 -0.095460 0.021991 10.000000 0.000000 0.000000 10.000000 0.000000 10.000000
ODOMETRY 190 191 -0.228845 -0.084803 0.014058 10.000000 0.000000 0.000000 10.000000 0.000000 10.000000
ODOMETRY 191 192 -0.221614 -0.075376 0.012975 10.000000 0.000000 0.000000 10.000000 0.000000 10.000000
ODOMETRY 192 193 -0.214063 -0.066530 0.013540 10.000000 0.000000 0.000000 10.000000 0.000000 10.000000
ODOMETRY 193 194 -0.207183 -0.058188 0.013995 10.000000 0.000000 0.000000 10.000000 0.000000 10.000000
ODOMETRY 194 195 -0.200977 -0.050355 0.014307 10.000000 0.000000 0.000000 10.000000 0.000000 10.000000
ODOMETRY 195 196 -0.195450 -0.043038 0.014446 10.000000 0.000000 0.000000 10.000000 0.000000 10.000000
ODOMETRY 196 197 -0.190610 -0.036246 0.014383 10.000000 0.000000 0.000000 10.000000 0.000000 10.000000
ODOMETRY 197 198 -0.186472 -0.029984 0.014098 10.000000 0.000000 0.000000 10.000000 0.000000 10.000000
ODOMETRY 198 199 -0.183050 -0.024259 0.013576 10.000000 0.000000 0.000000 10.000000 0.000000 10.000000
ODOMETRY 199 200 -0.180365 -0.019075 0.012815 10.000000 0.000000 0.000000 10.000000 0.000000 10.000000
ODOMETRY 200 201 -0.178459 -0.014186 0.013228 10.000000 0.000000 0.000000 10.000000 0.000000 10.000000
ODOMETRY 201 202 -0.177307 -0.008332 0.019138 10.000000 0.000000 0.000000 10.000000 0.000000 10.000000
ODOMETRY 202 203 -0.176459 -0.000245 0.026431 10.000000 0.000000 0.000000 10.000000 0.000000 10.000000
ODOMETRY 203 204 -0.175568 0.010305 0.033587 10.000000 0.000000 0.000000 10.000000 0.000000 10.000000
ODOMETRY 204 205 -0.174290 0.023256 0.040431 10.000000 0.000000 0.000000 10.000000 0.000000 10.000000
ODOMETRY 205 206 -0.172229 0.038483 0.046752 10.000000 0.000000 0.000000 10.000000 0.000000 10.000000
ODOMETRY 206 207 -0.168967 0.055788 0.052316 10.000000 0.000000 0.000000 10.000000 0.000000 10.000000
ODOMETRY 207 208 -0.164102 0.074885 0.056889 10.000000 0.000000 0.000000 10.000000 0.000000 10.000000
ODOMETRY 208 209 -0.157287 0.095412 0.060271 10.000000 0.000000 0.000000 10.000000 0.000000 10.000000
ODOMETRY 209 210 -0.148271 0.116956 0.062333 10.000000 0.000000 0.000000 10.000000 0.000000 10.000000
ODOMETRY 210 211 -0.137099 0.138913 0.061766 10.000000 0.000000 0.000000 10.000000 0.000000 10.000000
ODOMETRY 211 212 -0.123842 0.159614 0.057196 10.000000 0.000000 0.000000 10.000000 0.000000 10.000000
ODOMETRY 212 213 -0.106777 0.175247 0.055445 10.000000 0.000000 0.000000 10.000000 0.000000 10.000000
ODOMETRY 213 214 -0.085601 0.184745 0.057882 10.000000 0.000000 0.000000 10.000000 0.000000 10.000000
ODOMETRY 214 215 -0.060312 0.187768 0.065218 10.000000 0.000000 0.000000 10.000000 0.000000 10.000000
ODOMETRY 215 216 -0.030760 0.183566 0.079554 10.000000 0.000000 0.000000 10.000000 0.000000 10.000000
ODOMETRY 216 217 0.003249 0.170567 0.105519 10.000000 0.000000 0.000000 10.000000 0.000000 10.000000
ODOMETRY 217 218 0.041411 0.145395 0.152904 10.000000 0.000000 0.000000 10.000000 0.000000 10.000000
ODOMETRY 218 219 0.080239 0.101055 0.240701 10.000000 0.000000 0.000000 10.000000 0.000000 10.000000
ODOMETRY 219 220 0.102935 0.028784 -5.896830 10.000000 0.000000 0.000000 10.000000 0.000000 10.000000
ODOMETRY 220 221 0.074751 -0.051947 0.493628 10.000000 0.000000 0.000000 10.000000 0.000000 10.000000
ODOMETRY 221 222 0.008547 -0.091704 0.376913 10.000000 0.000000 0.000000 10.000000 0.000000 10.000000
ODOMETRY 222 223 -0.054124 -0.096723 0.226191 10.000000 0.000000 0.000000 10.000000 0.000000 10.000000
ODOMETRY 223 224 -0.104936 -0.088041 0.136365 10.000000 0.000000 0.000000 10.000000 0.000000 10.000000
ODOMETRY 224 225 -0.146120 -0.075052 0.087213 10.000000 0.000000 0.000000 10.000000 0.000000 10.000000
ODOMETRY 225 226 -0.179890 -0.061284 0.058936 10.000000 0.000000 0.000000 10.000000 0.000000 10.000000
ODOMETRY 226 227 -0.207620 -0.048161 0.041472 10.000000 0.000000 0.000000 10.000000 0.000000 10.000000
ODOMETRY 227 228 -0.230131 -0.036321 0.029929 10.000000 0.000000 0.000000 10.000000 0.000000 10.000000
ODOMETRY 228 229 -0.247918 -0.026077 0.021807 10.000000 0.000000 0.000000 10.000000 0.000000 10.000000
ODOMETRY 229 230 -0.261292 -0.017600 0.015736 10.000000 0.000000 0.000000 10.000000 0.000000 10.000000
ODOMETRY 230 231 -0.270471 -0.010473 0.012818 10.000000 0.000000 0.000000 10.000000 0.000000 10.000000
ODOMETRY 231 232 -0.275572 -0.002113 0.018215 10.000000 0.000000 0.000000 10.000000 0.000000 10.000000
ODOMETRY 232 233 -0.276370 0.010176 0.026259 10.000000 0.000000 0.000000 10.000000 0.000000 10.000000
ODOMETRY 233 234 -0.272369 0.026983 0.035680 10.000000 0.000000 0.000000 10.000000 0.000000 10.000000
ODOMETRY 234 235 -0.262798 0.048295 0.047321 10.000000 0.000000 0.000000 10.000000 0.000000 10.000000
ODOMETRY 235 236 -0.246481 0.073923 0.062312 10.000000 0.000000 0.000000 10.000000 0.000000 10.000000
ODOMETRY 236 237 -0.221655 0.103238 0.082194 10.000000 0.000000 0.000000 10.000000 0.000000 10.000000
ODOMETRY 237 238 -0.185799 0.134616 0.108919 10.000000 0.000000 0.000000 10.000000 0.000000 10.000000
ODOMETRY 238 239 -0.135772 0.164312 0.144305 10.000000 0.000000 0.000000 10.000000 0.000000 10.000000
ODOMETRY 239 240 -0.069208 0.184789 0.187916 10.000000 0.000000 0.000000 10.000000 0.000000 10.000000
ODOMETRY 240 241 0.009936 0.184275 0.224307 10.000000 0.000000 0.000000 10.000000 0.000000 10.000000
ODOMETRY 241 242 0.084784 0.156335 0.218756 10.000000 0.000000 0.000000 10.000000 0.000000 10.000000
ODOMETRY 242 243 0.140056 0.107786 0.199188 10.000000 0.000000 0.000000 10.000000 0.000000 10.000000
ODOMETRY 243 244 0.172040 0.048760 0.180558 10.000000 0.000000 0.000000 10.000000 0.000000 10.000000
ODOMETRY 244 245 0.181779 -0.012951 0.166747 10.000000 0.000000 0.000000 10.000000 0.000000 10.000000
ODOMETRY 245 246 0.171262 -0.071813 0.159173 10.000000 0.000000 0.000000 10.000000 0.000000 10.000000
ODOMETRY 246 247 0.142450 -0.123471 0.157929 10.000000 0.000000 0.000000 10.000000 0.000000 10.000000
ODOMETRY 247 248 0.097315 -0.163733 0.162462 10.000000 0.000000 0.000000 10.000000 0.000000 10.000000
ODOMETRY 248 249 0.038529 -0.187978 0.171633 10.000000 0.000000 0.000000 10.000000 0.000000 10.000000
ODOMETRY 249 250 -0.029468 -0.191281 0.183383 10.000000 0.000000 0.000000 10.000000 0.000000 10.000000
ODOMETRY 250 251 -0.098473 -0.170215 0.188238 10.000000 0.000000 0.000000 10.000000 0.000000 10.000000
ODOMETRY 251 252 -0.156177 -0.129327 0.166454 10.000000 0.000000 0.000000 10.000000 0.000000 10.000000
ODOMETRY 252 253 -0.196502 -0.079411 0.141119 10.000000 0.000000 0.000000 10.000000 0.000000 10.000000
ODOMETRY 253 254 -0.220644 -0.027042 0.120985 10.000000 0.000000 0.000000 10.000000 0.000000 10.000000
ODOMETRY 254 255 -0.231048 0.024421 0.106271 10.000000 0.000000 0.000000 10.000000 0.000000 10.000000
ODOMETRY 255 256 -0.229720 0.073067 0.096375 10.000000 0.000000 0.000000 10.000000 0.000000 10.000000
ODOMETRY 256 257 -0.218095 0.117714 0.090606 10.000000 0.000000 0.000000 10.000000 0.000000 10.000000
ODOMETRY 257 258 -0.197130 0.157460 0.088449 10.000000 0.000000 0.000000 10.000000 0.000000 10.000000
ODOMETRY 258 259 -0.167431 0.191388 0.089630 10.000000 0.000000 0.000000 10.000000 0.000000 10.000000
ODOMETRY 259 260 -0.129410 0.218357 0.094100 10.000000 0.000000 0.000000 10.000000 0.000000 10.000000
ODOMETRY 260 261 -0.084273 0.236524 0.098626 10.000000 0.000000 0.000000 10.000000 0.000000 10.000000
ODOMETRY 261 262 -0.037435 0.244107 0.091482 10.000000 0.000000 0.000000 10.000000 0.000000 10.000000
ODOMETRY 262 263 0.004857 0.243427 0.080633 10.000000 0.000000 0.000000 10.000000 0.000000 10.000000
ODOMETRY 263 264 0.040765 0.236940 0.069801 10.000000 0.000000 0.000000 10.000000 0.000000 10.000000
ODOMETRY 264 265 0.069961 0.226544 0.059344 10.000000 0.000000 0.000000 10.000000 0.000000 10.000000
ODOMETRY 265 266 0.092472 0.213789 0.049369 10.000000 0.000000 0.000000 10.000000 0.000000 10.000000
ODOMETRY 266 267 0.108519 0.199880 0.039782 10.000000 0.000000 0.000000 10.000000 0.000000 10.000000
ODOMETRY 267 268 0.118388 0.185726 0.030316 10.000000 0.000000 0.000000 10.000000 0.000000 10.000000
ODOMETRY 268 269 0.122355 0.171994 0.020524 10.000000 0.000000 0.000000 10.000000 0.000000 10.000000
ODOMETRY 269 270 0.120626 0.159157 0.009692 10.000000 0.000000 0.000000 10.000000 0.000000 10.000000
ODOMETRY 270 271 0.113737 0.147163 -0.000260 10.000000 0.000000 0.000000 10.000000 0.000000 10.000000
ODOMETRY 271 272 0.104381 0.134993 0.000489 10.000000 0.000000 0.000000 10.000000 0.000000 10.000000
ODOMETRY 272 273 0.096552 0.123446 0.005060 10.000000 0.000000 0.000000 10.000000 0.000000 10.000000
ODOMETRY 273 274 0.091105 0.112803 0.010570 10.000000 0.000000 0.000000 10.000000 0.000000 10.000000
ODOMETRY 274 275 0.087978 0.103039 0.016757 10.000000 0.000000 0.000000 10.000000 0.000000 10.000000
ODOMETRY 275 276 0.087075 0.094109 0.023126 10.000000 0.000000 0.000000 10.000000 0.000000 10.000000
ODOMETRY 276 277 0.088273 0.085955 0.028978 10.000000 0.000000 0.000000 10.000000 0.000000 10.000000
ODOMETRY 277 278 0.091432 0.078519 0.033554 10.000000 0.000000 0.000000 10.000000 0.000000 10.000000
ODOMETRY 278 279 0.096425 0.071759 0.036235 10.000000 0.000000 0.000000 10.000000 0.000000 10.000000
ODOMETRY 279 280 0.103159 0.065655 0.036751 10.000000 0.000000 0.000000 10.000000 0.000000 10.000000
ODOMETRY 280 281 0.111567 0.060261 0.034801 10.000000 0.000000 0.000000 10.000000 0.000000 10.000000
ODOMETRY 281 282 0.121051 0.055487 0.030640 10.000000 0.000000 0.000000 10.000000 0.000000 10.000000
ODOMETRY 282 283 0.129420 0.050484 0.027233 10.000000 0.000000 0.000000 10.000000 0.000000 10.000000
ODOMETRY 283 284 0.136156 0.045095 0.024859 10.000000 0.000000 0.000000 10.000000 0.000000 10.000000
ODOMETRY 284 285 0.141292 0.039359 0.023296 10.000000 0.000000 0.000000 10.000000 0.000000 10.000000
ODOMETRY 285 286 0.144853 0.033301 0.022410 10.000000 0.000000 0.000000 10.000000 0.000000 10.000000
ODOMETRY 286 287 0.146848 0.026938 0.022133 10.000000 0.000000 0.000000 10.000000 0.000000 10.000000
ODOMETRY 287 288 0.147279 0.020281 0.022451 10.000000 0.000000 0.000000 10.000000 0.000000 10.000000
ODOMETRY 288 289 0.146133 0.013333 0.023402 10.000000 0.000000 0.000000 10.000000 0.000000 10.000000
ODOMETRY 289 290 0.143387 0.006098 0.025085 10.000000 0.000000 0.000000 10.000000 0.000000 10.000000
ODOMETRY 290 291 0.138995 -0.001769 -6.253047 10.000000 0.000000 0.000000 10.000000 0.000000 10.000000
ODOMETRY 291 292 0.133119 -0.011873 0.046093 10.000000 0.000000 0.000000 10.000000 0.000000 10.000000
ODOMETRY 292 293 0.126672 -0.025660 0.064818 10.000000 0.000000 0.000000 10.000000 0.000000 10.000000
ODOMETRY 293 294 0.118995 -0.043000 0.082073 10.000000 0.000000 0.000000 10.000000 0.000000 10.000000
ODOMETRY 294 295 0.108988 -0.063042 0.095575 10.000000 0.000000 0.000000 10.000000 0.000000 10.000000
ODOMETRY 295 296 0.095854 -0.084617 0.103231 10.000000 0.000000 0.000000 10.000000 0.000000 10.000000
ODOMETRY 296 297 0.079349 -0.106512 0.104076 10.000000 0.000000 0.000000 10.000000 0.000000 10.000000
ODOMETRY 297 298 0.059778 -0.127828 0.098771 10.000000 0.000000 0.000000 10.000000 0.000000 10.000000
ODOMETRY 298 299 0.037746 -0.148177 0.089224 10.000000 0.000000 0.000000 10.000000 0.000000 10.000000
ODOMETRY 299 300 0.013869 -0.167639 0.077663 10.000000 0.000000 0.000000 10.000000 0.000000 10.000000
ODOMETRY 300 301 -0.011438 -0.186573 0.066112 10.000000 0.000000 0.000000 10.000000 0.000000 10.000000
ODOMETRY 301 302 -0.038262 -0.204531 0.057595 10.000000 0.000000 0.000000 10.000000 0.000000 10.000000
ODOMETRY 302 303 -0.066396 -0.218415 0.052581 10.000000 0.000000 0.000000 10.000000 0.000000 10.000000
ODOMETRY 303 304 -0.095497 -0.227438 0.049836 10.000000 0.000000 0.000000 10.000000 0.000000 10.000000
ODOMETRY 304 305 -0.125293 -0.231533 0.048654 10.000000 0.000000 0.000000 10.000000 0.000000 10.000000
ODOMETRY 305 306 -0.155481 -0.230569 0.048620 10.000000 0.000000 0.000000 10.000000 0.000000 10.000000
ODOMETRY 306 307 -0.185709 -0.224375 0.049475 10.000000 0.000000 0.000000 10.000000 0.000000 10.000000
ODOMETRY 307 308 -0.215553 -0.212759 0.051057 10.000000 0.000000 0.000000 10.000000 0.000000 10.000000
ODOMETRY 308 309 -0.244494 -0.195526 0.053250 10.000000 0.000000 0.000000 10.000000 0.000000 10.000000
ODOMETRY 309 310 -0.271904 -0.172504 0.055966 10.000000 0.000000 0.000000 10.000000 0.000000 10.000000
ODOMETRY 310 311 -0.296771 -0.144110 0.057329 10.000000 0.000000 0.000000 10.000000 0.000000 10.000000
ODOMETRY 311 312 -0.317119 -0.112965 0.052519 10.000000 0.000000 0.000000 10.000000 0.000000 10.000000
ODOMETRY 312 313 -0.330833 -0.081688 0.047616 10.000000 0.000000 0.000000 10.000000 0.000000 10.000000
ODOMETRY 313 314 -0.337851 -0.051133 0.044252 10.000000 0.000000 0.000000 10.000000 0.000000 10.000000
ODOMETRY 314 315 -0.338543 -0.021585 0.042283 10.000000 0.000000 0.000000 10.000000 0.000000 10.000000
ODOMETRY 315 316 -0.333160 0.006763 0.041687 10.000000 0.000000 0.000000 10.000000 0.000000 10.000000
ODOMETRY 316 317 -0.321840 0.033777 0.042583 10.000000 0.000000 0.000000 10.000000 0.000000 10.000000
ODOMETRY 317 318 -0.304592 0.059348 0.045283 10.000000 0.000000 0.000000 10.000000 0.000000 10.000000
ODOMETRY 318 319 -0.281271 0.083360 0.050407 10.000000 0.000000 0.000000 10.000000 0.000000 10.000000
ODOMETRY 319 320 -0.251509 0.105638 0.059111 10.000000 0.000000 0.000000 10.000000 0.000000 10.000000
ODOMETRY 320 321 -0.214783 0.125458 0.071905 10.000000 0.000000 0.000000 10.000000 0.000000 10.000000
ODOMETRY 321 322 -0.172214 0.140521 0.083840 10.000000 0.000000 0.000000 10.000000 0.000000 10.000000
ODOMETRY 322 323 -0.127621 0.149869 0.097160 10.000000 0.000000 0.000000 10.000000 0.000000 10.000000
ODOMETRY 323 324 -0.082258 0.152619 0.113894 10.000000 0.000000 0.000000 10.000000 0.000000 10.000000
ODOMETRY 324 325 -0.036953 0.147441 0.134871 10.000000 0.000000 0.000000 10.000000 0.000000 10.000000
ODOMETRY 325 326 0.006635 0.132765 0.160639 10.000000 0.000000 0.000000 10.000000 0.000000 10.000000
ODOMETRY 326 327 0.045483 0.107220 0.190617 10.000000 0.000000 0.000000 10.000000 0.000000 10.000000
ODOMETRY 327 328 0.074863 0.070780 0.221612 10.000000 0.000000 0.000000 10.000000 0.000000 10.000000
ODOMETRY 328 329 0.089228 0.026534 0.246717 10.000000 0.000000 0.000000 10.000000 0.000000 10.000000
ODOMETRY 329 330 0.085095 -0.018590 0.257412 10.000000 0.000000 0.000000 10.000000 0.000000 10.000000
ODOMETRY 330 331 0.064621 -0.055577 0.237801 10.000000 0.000000 0.000000 10.000000 0.000000 10.000000
ODOMETRY 331 332 0.039336 -0.078295 0.157117 10.000000 0.000000 0.000000 10.000000 0.000000 10.000000
ODOMETRY 332 333 0.021984 -0.091175 0.071863 10.000000 0.000000 0.000000 10.000000 0.000000 10.000000
ODOMETRY 333 334 0.016258 -0.099594 0.002918 10.000000 0.000000 0.000000 10.000000 0.000000 10.000000
ODOMETRY 334 335 0.022710 -0.105007 -0.054093 10.000000 0.000000 0.000000 10.000000 0.000000 10.000000
ODOMETRY 335 336 0.040958 -0.105594 -0.102931 10.000000 0.000000 0.000000 10.000000 0.000000 10.000000
ODOMETRY 336 337 0.068911 -0.097454 -0.142535 10.000000 0.000000 0.000000 10.000000 0.000000 10.000000
ODOMETRY 337 338 0.101874 -0.076664 -0.167657 10.000000 0.000000 0.000000 10.000000 0.000000 10.000000
ODOMETRY 338 339 0.133473 -0.041846 -0.173653 10.000000 0.000000 0.000000 10.000000 0.000000 10.000000
ODOMETRY 339 340 0.158472 0.005054 -0.162039 10.000000 0.000000 0.000000 10.000000 0.000000 10.000000
ODOMETRY 340 341 0.175172 0.059175 -0.131858 10.000000 0.000000 0.000000 10.000000 0.000000 10.000000
ODOMETRY 341 342 0.187373 0.111404 -0.078773 10.000000 0.000000 0.000000 10.000000 0.000000 10.000000
ODOMETRY 342 343 0.198801 0.152685 -0.039760 10.000000 0.000000 0.000000 10.000000 0.000000 10.000000
ODOMETRY 343 344 0.212255 0.181796 -0.013555 10.000000 0.000000 0.000000 10.000000 0.000000 10.000000
ODOMETRY 344 345 0.229030 0.199110 0.006184 10.000000 0.000000 0.000000 10.000000 0.000000 10.000000
ODOMETRY 345 346 0.249373 0.204388 0.022861 10.000000 0.000000 0.000000 10.000000 0.000000 10.000000
ODOMETRY 346 347 0.272773 0.196909 0.038462 10.000000 0.000000 0.000000 10.000000 0.000000 10.000000
ODOMETRY 347 348 0.297935 0.175587 0.054248 10.000000 0.000000 0.000000 10.000000 0.000000 10.000000
ODOMETRY 348 349 0.322572 0.139158 0.071021 10.000000 0.000000 0.000000 10.000000 0.000000 10.000000
ODOMETRY 349 350 0.343089 0.086556 0.089132 10.000000 0.000000 0.000000 10.000000 0.000000 10.000000
ODOMETRY 350 351 0.354207 0.020046 0.101462 10.000000 0.000000 0.000000 10.000000 0.000000 10.000000
ODOMETRY 351 352 0.351901 -0.047200 0.088404 10.000000 0.000000 0.000000 10.000000 0.000000 10.000000
ODOMETRY 352 353 0.336597 -0.101941 0.072339 10.000000 0.000000 0.000000 10.000000 0.000000 10.000000
ODOMETRY 353 354 0.311705 -0.141491 0.059697 10.000000 0.000000 0.000000 10.000000 0.000000 10.000000
ODOMETRY 354 355 0.280073 -0.166202 0.049761 10.000000 0.000000 0.000000 10.000000 0.000000 10.000000
ODOMETRY 355 356 0.243637 -0.176610 0.041904 10.000000 0.000000 0.000000 10.000000 0.000000 10.000000
ODOMETRY 356 357 0.203720 -0.173256 0.035625 10.000000 0.000000 0.000000 10.000000 0.000000 10.000000
ODOMETRY 357 358 0.161238 -0.156632 0.030519 10.000000 0.000000 0.000000 10.000000 0.000000 10.000000
ODOMETRY 358 359 0.116843 -0.127147 0.026179 10.000000 0.000000 0.000000 10.000000 0.000000 10.000000
ODOMETRY 359 360 0.072855 -0.083568 -0.000000 10.000000 0.000000 0.000000 10.000000 0.000000 10.000000
LANDMARK 349 1026 0.955347 -0.885954 2.000000 0.000000 2.000000
LANDMARK 348 1026 1.364439 -0.680646 2.000000 0.000000 2.000000
LANDMARK 347 1026 1.721183 -0.420411 2.000000 0.000000 2.000000
LANDMARK 346 1026 2.029422 -0.134985 2.000000 0.000000 2.000000
LANDMARK 345 1026 2.298111 0.150403 2.000000 0.000000 2.000000
LANDMARK 344 1026 2.538709 0.412930 2.000000 0.000000 2.000000
LANDMARK 343 1026 2.763901 0.629144 2.000000 0.000000 2.000000
LANDMARK 342 1026 2.986875 0.770525 2.000000 0.000000 2.000000
LANDMARK 341 1026 3.219856 0.795850 2.000000 0.000000 2.000000
LANDMARK 340 1026 3.468057 0.636320 2.000000 0.000000 2.000000
LANDMARK 339 1026 3.703044 0.210460 2.000000 0.000000 2.000000
LANDMARK 338 1026 3.845701 -0.410290 2.000000 0.000000 2.000000
LANDMARK 240 1026 -1.296444 1.345557 2.000000 0.000000 2.000000
LANDMARK 239 1026 -1.594560 1.205349 2.000000 0.000000 2.000000
LANDMARK 238 1026 -1.894172 1.054855 2.000000 0.000000 2.000000
LANDMARK 237 1026 -2.184167 0.914579 2.000000 0.000000 2.000000
LANDMARK 236 1026 -2.469973 0.785353 2.000000 0.000000 2.000000
LANDMARK 235 1026 -2.755496 0.664604 2.000000 0.000000 2.000000
LANDMARK 234 1026 -3.042140 0.550157 2.000000 0.000000 2.000000
LANDMARK 233 1026 -3.329547 0.441448 2.000000 0.000000 2.000000
LANDMARK 232 1026 -3.616334 0.339642 2.000000 0.000000 2.000000
LANDMARK 231 1026 -3.900546 0.247492 2.000000 0.000000 2.000000
LANDMARK 175 1026 1.016125 -0.908373 2.000000 0.000000 2.000000
LANDMARK 174 1026 1.306992 -0.734339 2.000000 0.000000 2.000000
LANDMARK 173 1026 1.569948 -0.541114 2.000000 0.000000 2.000000
LANDMARK 172 1026 1.810505 -0.342405 2.000000 0.000000 2.000000
LANDMARK 171 1026 2.033847 -0.150273 2.000000 0.000000 2.000000
LANDMARK 170 1026 2.244660 0.023342 2.000000 0.000000 2.000000
LANDMARK 169 1026 2.446787 0.171946 2.000000 0.000000 2.000000
LANDMARK 168 1026 2.640236 0.313181 2.000000 0.000000 2.000000
LANDMARK 167 1026 2.822606 0.454466 2.000000 0.000000 2.000000
LANDMARK 166 1026 2.991333 0.598492 2.000000 0.000000 2.000000
LANDMARK 165 1026 3.143451 0.748713 2.000000 0.000000 2.000000
LANDMARK 164 1026 3.275277 0.909723 2.000000 0.000000 2.000000
LANDMARK 163 1026 3.381834 1.087898 2.000000 0.000000 2.000000
LANDMARK 162 1026 3.455728 1.292454 2.000000 0.000000 2.000000
LANDMARK 161 1026 3.484790 1.537274 2.000000 0.000000 2.000000
LANDMARK 160 1026 3.446742 1.843960 2.000000 0.000000 2.000000
LANDMARK 159 1026 3.295569 2.248340 2.000000 0.000000 2.000000
LANDMARK 35 1026 0.708687 0.598439 2.000000 0.000000 2.000000
LANDMARK 34 1026 0.895105 0.525588 2.000000 0.000000 2.000000
LANDMARK 33 1026 1.078270 0.367981 2.000000 0.000000 2.000000
LANDMARK 32 1026 1.217867 0.058885 2.000000 0.000000 2.000000
LANDMARK 24 1026 -1.124095 -1.059566 2.000000 0.000000 2.000000
LANDMARK 23 1026 -1.323532 -1.091011 2.000000 0.000000 2.000000
LANDMARK 22 1026 -1.462865 -1.223041 2.000000 0.000000 2.000000
LANDMARK 21 1026 -1.483487 -1.495687 2.000000 0.000000 2.000000
LANDMARK 20 1026 -1.266809 -1.925740 2.000000 0.000000 2.000000
LANDMARK 19 1026 -0.687279 -2.400310 2.000000 0.000000 2.000000
LANDMARK 18 1026 0.092607 -2.679928 2.000000 0.000000 2.000000
LANDMARK 17 1026 0.866764 -2.727448 2.000000 0.000000 2.000000
LANDMARK 16 1026 1.551931 -2.615288 2.000000 0.000000 2.000000
LANDMARK 15 1026 2.141963 -2.407306 2.000000 0.000000 2.000000
LANDMARK 14 1026 2.653363 -2.138185 2.000000 0.000000 2.000000
LANDMARK 13 1026 3.101653 -1.824006 2.000000 0.000000 2.000000
LANDMARK 12 1026 3.496510 -1.471832 2.000000 0.000000 2.000000
LANDMARK 11 1026 3.842229 -1.084465 2.000000 0.000000 2.000000
LANDMARK 232 1474 -0.460157 0.721095 2.000000 0.000000 2.000000
LANDMARK 231 1474 -0.755473 0.711681 2.000000 0.000000 2.000000
LANDMARK 230 1474 -1.043798 0.690671 2.000000 0.000000 2.000000
LANDMARK 229 1474 -1.322880 0.663297 2.000000 0.000000 2.000000
LANDMARK 228 1474 -1.594136 0.620689 2.000000 0.000000 2.000000
LANDMARK 227 1474 -1.854582 0.554303 2.000000 0.000000 2.000000
LANDMARK 226 1474 -2.099280 0.455366 2.000000 0.000000 2.000000
LANDMARK 225 1474 -2.321799 0.311210 2.000000 0.000000 2.000000
LANDMARK 224 1474 -2.512067 0.102137 2.000000 0.000000 2.000000
LANDMARK 223 1474 -2.650443 -0.204554 2.000000 0.000000 2.000000
LANDMARK 197 1474 -0.694105 0.864688 2.000000 0.000000 2.000000
LANDMARK 196 1474 -0.892256 0.822207 2.000000 0.000000 2.000000
LANDMARK 195 1474 -1.094058 0.770306 2.000000 0.000000 2.000000
LANDMARK 194 1474 -1.299879 0.708564 2.000000 0.000000 2.000000
LANDMARK 193 1474 -1.510119 0.636670 2.000000 0.000000 2.000000
LANDMARK 192 1474 -1.725230 0.554393 2.000000 0.000000 2.000000
LANDMARK 191 1474 -1.945721 0.461560 2.000000 0.000000 2.000000
LANDMARK 190 1474 -2.172163 0.358032 2.000000 0.000000 2.000000
LANDMARK 189 1474 -2.404612 0.239449 2.000000 0.000000 2.000000
LANDMARK 188 1474 -2.638759 0.085986 2.000000 0.000000 2.000000
LANDMARK 187 1474 -2.864681 -0.114749 2.000000 0.000000 2.000000
LANDMARK 186 1474 -3.069089 -0.373416 2.000000 0.000000 2.000000
LANDMARK 185 1474 -3.233936 -0.702640 2.000000 0.000000 2.000000
LANDMARK 184 1474 -3.333319 -1.116132 2.000000 0.000000 2.000000
LANDMARK 183 1474 -3.329040 -1.625605 2.000000 0.000000 2.000000
LANDMARK 182 1474 -3.165881 -2.232360 2.000000 0.000000 2.000000
LANDMARK 35 1474 0.797002 -2.579478 2.000000 0.000000 2.000000
LANDMARK 34 1474 0.896317 -2.653556 2.000000 0.000000 2.000000
LANDMARK 29 1474 -2.609348 -2.233255 2.000000 0.000000 2.000000
LANDMARK 28 1474 -3.145395 -1.770642 2.000000 0.000000 2.000000
LANDMARK 27 1474 -3.510788 -1.462501 2.000000 0.000000 2.000000
LANDMARK 235 1484 -0.284877 1.236049 2.000000 0.000000 2.000000
LANDMARK 234 1484 -0.611900 1.274341 2.000000 0.000000 2.000000
LANDMARK 233 1484 -0.936284 1.279780 2.000000 0.000000 2.000000
LANDMARK 232 1484 -1.254499 1.262815 2.000000 0.000000 2.000000
LANDMARK 231 1484 -1.563765 1.232358 2.000000 0.000000 2.000000
LANDMARK 230 1484 -1.861439 1.196540 2.000000 0.000000 2.000000
LANDMARK 229 1484 -2.146938 1.158644 2.000000 0.000000 2.000000
LANDMARK 228 1484 -2.425887 1.103008 2.000000 0.000000 2.000000
LANDMARK 227 1484 -2.696652 1.018371 2.000000 0.000000 2.000000
LANDMARK 226 1484 -2.954860 0.894027 2.000000 0.000000 2.000000
LANDMARK 225 1484 -3.194831 0.714021 2.000000 0.000000 2.000000
LANDMARK 224 1484 -3.407309 0.452825 2.000000 0.000000 2.000000
LANDMARK 223 1484 -3.572829 0.066824 2.000000 0.000000 2.000000
LANDMARK 194 1484 -0.434705 0.289144 2.000000 0.000000 2.000000
LANDMARK 193 1484 -0.639033 0.229671 2.000000 0.000000 2.000000
LANDMARK 192 1484 -0.848533 0.159624 2.000000 0.000000 2.000000
LANDMARK 191 1484 -1.063759 0.078698 2.000000 0.000000 2.000000
LANDMARK 190 1484 -1.285308 -0.013355 2.000000 0.000000 2.000000
LANDMARK 189 1484 -1.512624 -0.119435 2.000000 0.000000 2.000000
LANDMARK 188 1484 -1.739095 -0.253197 2.000000 0.000000 2.000000
LANDMARK 187 1484 -1.954601 -0.424902 2.000000 0.000000 2.000000
LANDMARK 186 1484 -2.146381 -0.643696 2.000000 0.000000 2.000000
LANDMARK 185 1484 -2.297274 -0.919676 2.000000 0.000000 2.000000
LANDMARK 184 1484 -2.383104 -1.262865 2.000000 0.000000 2.000000
LANDMARK 183 1484 -2.369109 -1.680119 2.000000 0.000000 2.000000
LANDMARK 182 1484 -2.206601 -2.167384 2.000000 0.000000 2.000000
LANDMARK 181 1484 -1.835245 -2.694082 2.000000 0.000000 2.000000
LANDMARK 180 1484 -1.204137 -3.182120 2.000000 0.000000 2.000000
LANDMARK 179 1484 -0.353589 -3.502535 2.000000 0.000000 2.000000
LANDMARK 42 1484 -0.686955 -0.813006 2.000000 0.000000 2.000000
LANDMARK 41 1484 -0.501087 -1.155756 2.000000 0.000000 2.000000
LANDMARK 40 1484 -0.226407 -1.444283 2.000000 0.000000 2.000000
LANDMARK 39 1484 0.135156 -1.648614 2.000000 0.000000 2.000000
LANDMARK 38 1484 0.520607 -1.758773 2.000000 0.000000 2.000000
LANDMARK 37 1484 0.879918 -1.800174 2.000000 0.000000 2.000000
LANDMARK 36 1484 1.183846 -1.811753 2.000000 0.000000 2.000000
LANDMARK 35 1484 1.409773 -1.838565 2.000000 0.000000 2.000000
LANDMARK 34 1484 1.529157 -1.929709 2.000000 0.000000 2.000000
LANDMARK 33 1484 1.484663 -2.135088 2.000000 0.000000 2.000000
LANDMARK 29 1484 -1.721557 -2.602400 2.000000 0.000000 2.000000
LANDMARK 28 1484 -2.331346 -2.282271 2.000000 0.000000 2.000000
LANDMARK 27 1484 -2.742880 -2.041083 2.000000 0.000000 2.000000
LANDMARK 26 1484 -3.061358 -1.878784 2.000000 0.000000 2.000000
LANDMARK 25 1484 -3.325489 -1.799037 2.000000 0.000000 2.000000
LANDMARK 24 1484 -3.543328 -1.819713 2.000000 0.000000 2.000000
LANDMARK 243 1500 0.364648 -0.404948 2.000000 0.000000 2.000000
LANDMARK 242 1500 0.591927 -0.254020 2.000000 0.000000 2.000000
LANDMARK 241 1500 0.746446 0.001497 2.000000 0.000000 2.000000
LANDMARK 240 1500 0.777168 0.334461 2.000000 0.000000 2.000000
LANDMARK 239 1500 0.652004 0.680817 2.000000 0.000000 2.000000
LANDMARK 238 1500 0.410831 0.959240 2.000000 0.000000 2.000000
LANDMARK 237 1500 0.110628 1.151429 2.000000 0.000000 2.000000
LANDMARK 236 1500 -0.214523 1.270252 2.000000 0.000000 2.000000
LANDMARK 235 1500 -0.547472 1.333043 2.000000 0.000000 2.000000
LANDMARK 234 1500 -0.880026 1.354795 2.000000 0.000000 2.000000
LANDMARK 233 1500 -1.207915 1.347460 2.000000 0.000000 2.000000
LANDMARK 232 1500 -1.528372 1.320762 2.000000 0.000000 2.000000
LANDMARK 231 1500 -1.839064 1.283095 2.000000 0.000000 2.000000
LANDMARK 230 1500 -2.137617 1.242254 2.000000 0.000000 2.000000
LANDMARK 229 1500 -2.423679 1.200815 2.000000 0.000000 2.000000
LANDMARK 228 1500 -2.703257 1.140818 2.000000 0.000000 2.000000
LANDMARK 227 1500 -2.974781 1.050124 2.000000 0.000000 2.000000
LANDMARK 226 1500 -3.233815 0.917443 2.000000 0.000000 2.000000
LANDMARK 225 1500 -3.474516 0.725852 2.000000 0.000000 2.000000
LANDMARK 224 1500 -3.687205 0.448161 2.000000 0.000000 2.000000
LANDMARK 193 1500 -0.359407 0.216497 2.000000 0.000000 2.000000
LANDMARK 192 1500 -0.568751 0.150364 2.000000 0.000000 2.000000
LANDMARK 191 1500 -0.783877 0.073227 2.000000 0.000000 2.000000
LANDMARK 190 1500 -1.005378 -0.015194 2.000000 0.000000 2.000000
LANDMARK 189 1500 -1.232696 -0.117338 2.000000 0.000000 2.000000
LANDMARK 188 1500 -1.459281 -0.244945 2.000000 0.000000 2.000000
LANDMARK 187 1500 -1.675196 -0.407679 2.000000 0.000000 2.000000
LANDMARK 186 1500 -1.867989 -0.614339 2.000000 0.000000 2.000000
LANDMARK 185 1500 -2.021018 -0.874436 2.000000 0.000000 2.000000
LANDMARK 184 1500 -2.110980 -1.197193 2.000000 0.000000 2.000000
LANDMARK 183 1500 -2.104577 -1.588538 2.000000 0.000000 2.000000
LANDMARK 182 1500 -1.955472 -2.043698 2.000000 0.000000 2.000000
LANDMARK 181 1500 -1.606698 -2.532434 2.000000 0.000000 2.000000
LANDMARK 180 1500 -1.010947 -2.979533 2.000000 0.000000 2.000000
LANDMARK 179 1500 -0.207644 -3.263654 2.000000 0.000000 2.000000
LANDMARK 178 1500 0.595376 -3.323379 2.000000 0.000000 2.000000
LANDMARK 42 1500 -0.476678 -0.628216 2.000000 0.000000 2.000000
LANDMARK 41 1500 -0.306400 -0.954607 2.000000 0.000000 2.000000
LANDMARK 40 1500 -0.052034 -1.225289 2.000000 0.000000 2.000000
LANDMARK 39 1500 0.283572 -1.411260 2.000000 0.000000 2.000000
LANDMARK 38 1500 0.643525 -1.507267 2.000000 0.000000 2.000000
LANDMARK 37 1500 0.981884 -1.539469 2.000000 0.000000 2.000000
LANDMARK 36 1500 1.271734 -1.545972 2.000000 0.000000 2.000000
LANDMARK 35 1500 1.492768 -1.571215 2.000000 0.000000 2.000000
LANDMARK 34 1500 1.619446 -1.664734 2.000000 0.000000 2.000000
LANDMARK 33 1500 1.598853 -1.879501 2.000000 0.000000 2.000000
LANDMARK 29 1500 -1.441624 -2.603531 2.000000 0.000000 2.000000
LANDMARK 28 1500 -2.055498 -2.329934 2.000000 0.000000 2.000000
LANDMARK 27 1500 -2.472045 -2.111884 2.000000 0.000000 2.000000
LANDMARK 26 1500 -2.793377 -1.959716 2.000000 0.000000 2.000000
LANDMARK 25 1500 -3.057951 -1.881424 2.000000 0.000000 2.000000
LANDMARK 24 1500 -3.274039 -1.896181 2.000000 0.000000 2.000000
LANDMARK 23 1500 -3.427758 -2.036746 2.000000 0.000000 2.000000
LANDMARK 257 1515 -1.375976 -0.237189 2.000000 0.000000 2.000000
LANDMARK 256 1515 -1.559914 -0.218377 2.000000 0.000000 2.000000
LANDMARK 255 1515 -1.761608 -0.261127 2.000000 0.000000 2.000000
LANDMARK 254 1515 -1.963991 -0.378805 2.000000 0.000000 2.000000
LANDMARK 253 1515 -2.145066 -0.585216 2.000000 0.000000 2.000000
LANDMARK 252 1515 -2.274523 -0.893301 2.000000 0.000000 2.000000
LANDMARK 251 1515 -2.309648 -1.310595 2.000000 0.000000 2.000000
LANDMARK 250 1515 -2.193169 -1.828574 2.000000 0.000000 2.000000
LANDMARK 249 1515 -1.877130 -2.392313 2.000000 0.000000 2.000000
LANDMARK 248 1515 -1.403493 -2.887955 2.000000 0.000000 2.000000
LANDMARK 247 1515 -0.819566 -3.263864 2.000000 0.000000 2.000000
LANDMARK 246 1515 -0.158333 -3.499285 2.000000 0.000000 2.000000
LANDMARK 245 1515 0.554077 -3.580168 2.000000 0.000000 2.000000
LANDMARK 244 1515 1.295014 -3.490849 2.000000 0.000000 2.000000
LANDMARK 205 1515 -1.146877 -1.031697 2.000000 0.000000 2.000000
LANDMARK 204 1515 -1.271246 -1.053777 2.000000 0.000000 2.000000
LANDMARK 203 1515 -1.402700 -1.088108 2.000000 0.000000 2.000000
LANDMARK 202 1515 -1.541184 -1.130195 2.000000 0.000000 2.000000
LANDMARK 201 1515 -1.687168 -1.175440 2.000000 0.000000 2.000000
LANDMARK 200 1515 -1.841479 -1.219236 2.000000 0.000000 2.000000
LANDMARK 199 1515 -2.003445 -1.260033 2.000000 0.000000 2.000000
LANDMARK 198 1515 -2.167239 -1.306990 2.000000 0.000000 2.000000
LANDMARK 197 1515 -2.332000 -1.363032 2.000000 0.000000 2.000000
LANDMARK 196 1515 -2.498584 -1.428381 2.000000 0.000000 2.000000
LANDMARK 195 1515 -2.667851 -1.503153 2.000000 0.000000 2.000000
LANDMARK 194 1515 -2.840668 -1.587391 2.000000 0.000000 2.000000
LANDMARK 193 1515 -3.017903 -1.681094 2.000000 0.000000 2.000000
LANDMARK 192 1515 -3.200430 -1.784244 2.000000 0.000000 2.000000
LANDMARK 191 1515 -3.389120 -1.896837 2.000000 0.000000 2.000000
LANDMARK 56 1515 -0.379253 0.060949 2.000000 0.000000 2.000000
LANDMARK 55 1515 -0.507145 0.205360 2.000000 0.000000 2.000000
LANDMARK 54 1515 -0.691188 0.285389 2.000000 0.000000 2.000000
LANDMARK 53 1515 -0.921319 0.277236 2.000000 0.000000 2.000000
LANDMARK 52 1515 -1.173740 0.162559 2.000000 0.000000 2.000000
LANDMARK 51 1515 -1.415732 -0.062721 2.000000 0.000000 2.000000
LANDMARK 50 1515 -1.616699 -0.386183 2.000000 0.000000 2.000000
LANDMARK 49 1515 -1.759019 -0.779342 2.000000 0.000000 2.000000
LANDMARK 48 1515 -1.845184 -1.201262 2.000000 0.000000 2.000000
LANDMARK 47 1515 -1.877648 -1.639816 2.000000 0.000000 2.000000
LANDMARK 46 1515 -1.854299 -2.089339 2.000000 0.000000 2.000000
LANDMARK 45 1515 -1.770545 -2.543240 2.000000 0.000000 2.000000
LANDMARK 44 1515 -1.619344 -2.993536 2.000000 0.000000 2.000000
LANDMARK 43 1515 -1.390677 -3.430226 2.000000 0.000000 2.000000
LANDMARK 42 1515 -1.070513 -3.840039 2.000000 0.000000 2.000000
LANDMARK 260 1519 -2.779324 1.206455 2.000000 0.000000 2.000000
LANDMARK 259 1519 -2.991765 1.154000 2.000000 0.000000 2.000000
LANDMARK 258 1519 -3.236315 1.073018 2.000000 0.000000 2.000000
LANDMARK 257 1519 -3.503261 0.954660 2.000000 0.000000 2.000000
LANDMARK 256 1519 -3.784164 0.780902 2.000000 0.000000 2.000000
LANDMARK 211 1519 -2.615097 0.052123 2.000000 0.000000 2.000000
LANDMARK 210 1519 -2.746565 0.054821 2.000000 0.000000 2.000000
LANDMARK 209 1519 -2.890123 0.015366 2.000000 0.000000 2.000000
LANDMARK 208 1519 -3.040737 -0.057205 2.000000 0.000000 2.000000
LANDMARK 207 1519 -3.194518 -0.154495 2.000000 0.000000 2.000000
LANDMARK 206 1519 -3.348659 -0.270448 2.000000 0.000000 2.000000
LANDMARK 205 1519 -3.501589 -0.398311 2.000000 0.000000 2.000000
LANDMARK 204 1519 -3.652986 -0.531132 2.000000 0.000000 2.000000
LANDMARK 203 1519 -3.803619 -0.662161 2.000000 0.000000 2.000000
LANDMARK 59 1519 -1.755864 1.373918 2.000000 0.000000 2.000000
LANDMARK 58 1519 -1.840923 1.531644 2.000000 0.000000 2.000000
LANDMARK 57 1519 -1.987675 1.639349 2.000000 0.000000 2.000000
LANDMARK 56 1519 -2.204390 1.677959 2.000000 0.000000 2.000000
LANDMARK 55 1519 -2.491940 1.621847 2.000000 0.000000 2.000000
LANDMARK 54 1519 -2.837738 1.442181 2.000000 0.000000 2.000000
LANDMARK 53 1519 -3.210898 1.116090 2.000000 0.000000 2.000000
LANDMARK 52 1519 -3.564949 0.640012 2.000000 0.000000 2.000000
LANDMARK 51 1519 -3.852065 0.037891 2.000000 0.000000 2.000000
LANDMARK 272 1546 3.252694 -0.430144 2.000000 0.000000 2.000000
LANDMARK 271 1546 3.350754 -0.289746 2.000000 0.000000 2.000000
LANDMARK 270 1546 3.455211 -0.153062 2.000000 0.000000 2.000000
LANDMARK 269 1546 3.568947 -0.006826 2.000000 0.000000 2.000000
LANDMARK 268 1546 3.687923 0.188081 2.000000 0.000000 2.000000
LANDMARK 267 1546 3.802086 0.438195 2.000000 0.000000 2.000000
LANDMARK 266 1546 3.899761 0.742469 2.000000 0.000000 2.000000
LANDMARK 225 1546 -0.888482 -3.328339 2.000000 0.000000 2.000000
LANDMARK 224 1546 -0.866861 -3.446668 2.000000 0.000000 2.000000
LANDMARK 223 1546 -0.702380 -3.596568 2.000000 0.000000 2.000000
LANDMARK 114 1546 -0.212281 0.047086 2.000000 0.000000 2.000000
LANDMARK 113 1546 -0.340101 -0.131870 2.000000 0.000000 2.000000
LANDMARK 112 1546 -0.399378 -0.331294 2.000000 0.000000 2.000000
LANDMARK 111 1546 -0.356770 -0.540577 2.000000 0.000000 2.000000
LANDMARK 110 1546 -0.143128 -0.724238 2.000000 0.000000 2.000000
LANDMARK 109 1546 0.303611 -0.723898 2.000000 0.000000 2.000000
LANDMARK 100 1546 -0.746514 0.634217 2.000000 0.000000 2.000000
LANDMARK 99 1546 -0.981605 0.433120 2.000000 0.000000 2.000000
LANDMARK 98 1546 -1.154029 0.171709 2.000000 0.000000 2.000000
LANDMARK 97 1546 -1.257377 -0.116033 2.000000 0.000000 2.000000
LANDMARK 96 1546 -1.301605 -0.405346 2.000000 0.000000 2.000000
LANDMARK 95 1546 -1.303638 -0.680825 2.000000 0.000000 2.000000
LANDMARK 94 1546 -1.281911 -0.935522 2.000000 0.000000 2.000000
LANDMARK 93 1546 -1.253584 -1.167916 2.000000 0.000000 2.000000
LANDMARK 92 1546 -1.233921 -1.378907 2.000000 0.000000 2.000000
LANDMARK 91 1546 -1.236667 -1.569559 2.000000 0.000000 2.000000
LANDMARK 90 1546 -1.274579 -1.739451 2.000000 0.000000 2.000000
LANDMARK 89 1546 -1.349126 -1.892078 2.000000 0.000000 2.000000
LANDMARK 88 1546 -1.423728 -2.050788 2.000000 0.000000 2.000000
LANDMARK 87 1546 -1.481592 -2.222106 2.000000 0.000000 2.000000
LANDMARK 86 1546 -1.513140 -2.406853 2.000000 0.000000 2.000000
LANDMARK 85 1546 -1.506339 -2.606154 2.000000 0.000000 2.000000
LANDMARK 84 1546 -1.445448 -2.820678 2.000000 0.000000 2.000000
LANDMARK 83 1546 -1.309235 -3.049071 2.000000 0.000000 2.000000
LANDMARK 82 1546 -1.068852 -3.284594 2.000000 0.000000 2.000000
LANDMARK 81 1546 -0.686799 -3.508177 2.000000 0.000000 2.000000
LANDMARK 80 1546 -0.122156 -3.676108 2.000000 0.000000 2.000000
LANDMARK 79 1546 0.625238 -3.710756 2.000000 0.000000 2.000000
LANDMARK 78 1546 1.419304 -3.558764 2.000000 0.000000 2.000000
LANDMARK 277 1564 -0.034820 0.479265 2.000000 0.000000 2.000000
LANDMARK 276 1564 0.037868 0.559369 2.000000 0.000000 2.000000
LANDMARK 275 1564 0.107390 0.648708 2.000000 0.000000 2.000000
LANDMARK 274 1564 0.177237 0.747115 2.000000 0.000000 2.000000
LANDMARK 273 1564 0.250932 0.854479 2.000000 0.000000 2.000000
LANDMARK 272 1564 0.331793 0.970843 2.000000 0.000000 2.000000
LANDMARK 271 1564 0.422802 1.096442 2.000000 0.000000 2.000000
LANDMARK 270 1564 0.526581 1.231693 2.000000 0.000000 2.000000
LANDMARK 269 1564 0.640676 1.378689 2.000000 0.000000 2.000000
LANDMARK 268 1564 0.746362 1.545152 2.000000 0.000000 2.000000
LANDMARK 267 1564 0.833295 1.734613 2.000000 0.000000 2.000000
LANDMARK 266 1564 0.893037 1.948303 2.000000 0.000000 2.000000
LANDMARK 265 1564 0.915327 2.186316 2.000000 0.000000 2.000000
LANDMARK 264 1564 0.888128 2.446915 2.000000 0.000000 2.000000
LANDMARK 263 1564 0.797842 2.725576 2.000000 0.000000 2.000000
LANDMARK 262 1564 0.629947 3.013790 2.000000 0.000000 2.000000
LANDMARK 261 1564 0.370386 3.297764 2.000000 0.000000 2.000000
LANDMARK 260 1564 0.007992 3.557478 2.000000 0.000000 2.000000
LANDMARK 259 1564 -0.449489 3.768053 2.000000 0.000000 2.000000
LANDMARK 220 1564 1.543988 -0.243421 2.000000 0.000000 2.000000
LANDMARK 219 1564 1.565447 0.506890 2.000000 0.000000 2.000000
LANDMARK 218 1564 1.343554 1.124859 2.000000 0.000000 2.000000
LANDMARK 217 1564 1.090508 1.529981 2.000000 0.000000 2.000000
LANDMARK 216 1564 0.863539 1.828230 2.000000 0.000000 2.000000
LANDMARK 215 1564 0.651447 2.078973 2.000000 0.000000 2.000000
LANDMARK 214 1564 0.438920 2.304710 2.000000 0.000000 2.000000
LANDMARK 213 1564 0.215362 2.511854 2.000000 0.000000 2.000000
LANDMARK 212 1564 -0.026453 2.699590 2.000000 0.000000 2.000000
LANDMARK 211 1564 -0.292338 2.863036 2.000000 0.000000 2.000000
LANDMARK 210 1564 -0.588288 2.993916 2.000000 0.000000 2.000000
LANDMARK 209 1564 -0.917382 3.082080 2.000000 0.000000 2.000000
LANDMARK 208 1564 -1.262861 3.126440 2.000000 0.000000 2.000000
LANDMARK 207 1564 -1.611637 3.130459 2.000000 0.000000 2.000000
LANDMARK 206 1564 -1.955116 3.099193 2.000000 0.000000 2.000000
LANDMARK 205 1564 -2.286159 3.039591 2.000000 0.000000 2.000000
LANDMARK 204 1564 -2.599556 2.959817 2.000000 0.000000 2.000000
LANDMARK 119 1564 -1.898169 -1.403636 2.000000 0.000000 2.000000
LANDMARK 118 1564 -1.856922 -1.683969 2.000000 0.000000 2.000000
LANDMARK 117 1564 -1.863480 -1.935412 2.000000 0.000000 2.000000
LANDMARK 116 1564 -1.885283 -2.188697 2.000000 0.000000 2.000000
LANDMARK 115 1564 -1.892380 -2.456867 2.000000 0.000000 2.000000
LANDMARK 114 1564 -1.853803 -2.745732 2.000000 0.000000 2.000000
LANDMARK 113 1564 -1.729601 -3.058252 2.000000 0.000000 2.000000
LANDMARK 71 1564 0.911470 0.072065 2.000000 0.000000 2.000000
LANDMARK 70 1564 0.999755 0.286243 2.000000 0.000000 2.000000
LANDMARK 69 1564 1.089161 0.509547 2.000000 0.000000 2.000000
LANDMARK 68 1564 1.177834 0.747339 2.000000 0.000000 2.000000
LANDMARK 67 1564 1.262267 0.999726 2.000000 0.000000 2.000000
LANDMARK 66 1564 1.339288 1.265045 2.000000 0.000000 2.000000
LANDMARK 65 1564 1.405477 1.541634 2.000000 0.000000 2.000000
LANDMARK 64 1564 1.457074 1.827806 2.000000 0.000000 2.000000
LANDMARK 63 1564 1.489864 2.121815 2.000000 0.000000 2.000000
LANDMARK 62 1564 1.499016 2.421794 2.000000 0.000000 2.000000
LANDMARK 61 1564 1.478868 2.725667 2.000000 0.000000 2.000000
LANDMARK 60 1564 1.422616 3.030973 2.000000 0.000000 2.000000
LANDMARK 59 1564 1.317401 3.336437 2.000000 0.000000 2.000000
LANDMARK 58 1564 1.131462 3.643839 2.000000 0.000000 2.000000
LANDMARK 286 1584 0.300037 0.666485 2.000000 0.000000 2.000000
LANDMARK 285 1584 0.431429 0.703144 2.000000 0.000000 2.000000
LANDMARK 284 1584 0.559635 0.749174 2.000000 0.000000 2.000000
LANDMARK 283 1584 0.682370 0.804646 2.000000 0.000000 2.000000
LANDMARK 282 1584 0.797151 0.869823 2.000000 0.000000 2.000000
LANDMARK 281 1584 0.901169 0.945196 2.000000 0.000000 2.000000
LANDMARK 280 1584 0.991084 1.031529 2.000000 0.000000 2.000000
LANDMARK 279 1584 1.063995 1.129494 2.000000 0.000000 2.000000
LANDMARK 278 1584 1.122453 1.237227 2.000000 0.000000 2.000000
LANDMARK 277 1584 1.170656 1.352283 2.000000 0.000000 2.000000
LANDMARK 276 1584 1.213378 1.472336 2.000000 0.000000 2.000000
LANDMARK 275 1584 1.255954 1.595351 2.000000 0.000000 2.000000
LANDMARK 274 1584 1.303604 1.720064 2.000000 0.000000 2.000000
LANDMARK 273 1584 1.360837 1.846165 2.000000 0.000000 2.000000
LANDMARK 272 1584 1.431154 1.974206 2.000000 0.000000 2.000000
LANDMARK 271 1584 1.517072 2.105356 2.000000 0.000000 2.000000
LANDMARK 270 1584 1.620356 2.241142 2.000000 0.000000 2.000000
LANDMARK 269 1584 1.734714 2.387854 2.000000 0.000000 2.000000
LANDMARK 268 1584 1.830569 2.564873 2.000000 0.000000 2.000000
LANDMARK 267 1584 1.896346 2.776369 2.000000 0.000000 2.000000
LANDMARK 266 1584 1.924022 3.021803 2.000000 0.000000 2.000000
LANDMARK 265 1584 1.902803 3.299970 2.000000 0.000000 2.000000
LANDMARK 218 1584 2.556402 1.987605 2.000000 0.000000 2.000000
LANDMARK 217 1584 2.062727 2.656979 2.000000 0.000000 2.000000
LANDMARK 216 1584 1.652763 3.090156 2.000000 0.000000 2.000000
LANDMARK 215 1584 1.303371 3.417004 2.000000 0.000000 2.000000
LANDMARK 214 1584 0.982449 3.690318 2.000000 0.000000 2.000000
LANDMARK 213 1584 0.667433 3.929938 2.000000 0.000000 2.000000
LANDMARK 121 1584 -1.619642 0.744104 2.000000 0.000000 2.000000
LANDMARK 120 1584 -1.870463 0.432508 2.000000 0.000000 2.000000
LANDMARK 119 1584 -2.092739 0.071991 2.000000 0.000000 2.000000
LANDMARK 118 1584 -2.280573 -0.257136 2.000000 0.000000 2.000000
LANDMARK 117 1584 -2.448009 -0.566596 2.000000 0.000000 2.000000
LANDMARK 116 1584 -2.592754 -0.879186 2.000000 0.000000 2.000000
LANDMARK 115 1584 -2.703290 -1.208766 2.000000 0.000000 2.000000
LANDMARK 114 1584 -2.761218 -1.565931 2.000000 0.000000 2.000000
LANDMARK 113 1584 -2.737276 -1.962841 2.000000 0.000000 2.000000
LANDMARK 84 1584 0.335786 -0.386318 2.000000 0.000000 2.000000
LANDMARK 83 1584 0.354876 -0.533194 2.000000 0.000000 2.000000
LANDMARK 82 1584 0.414059 -0.657831 2.000000 0.000000 2.000000
LANDMARK 81 1584 0.526125 -0.746345 2.000000 0.000000 2.000000
LANDMARK 80 1584 0.700434 -0.773996 2.000000 0.000000 2.000000
LANDMARK 79 1584 0.927985 -0.709549 2.000000 0.000000 2.000000
LANDMARK 78 1584 1.162631 -0.553265 2.000000 0.000000 2.000000
LANDMARK 77 1584 1.365644 -0.329398 2.000000 0.000000 2.000000
LANDMARK 76 1584 1.521432 -0.070870 2.000000 0.000000 2.000000
LANDMARK 75 1584 1.634013 0.195620 2.000000 0.000000 2.000000
LANDMARK 74 1584 1.716198 0.456310 2.000000 0.000000 2.000000
LANDMARK 73 1584 1.781216 0.707212 2.000000 0.000000 2.000000
LANDMARK 72 1584 1.839813 0.949166 2.000000 0.000000 2.000000
LANDMARK 71 1584 1.900220 1.184587 2.000000 0.000000 2.000000
LANDMARK 70 1584 1.968874 1.415907 2.000000 0.000000 2.000000
LANDMARK 69 1584 2.047767 1.648146 2.000000 0.000000 2.000000
LANDMARK 68 1584 2.126169 1.894507 2.000000 0.000000 2.000000
LANDMARK 67 1584 2.198478 2.156808 2.000000 0.000000 2.000000
LANDMARK 66 1584 2.261347 2.433437 2.000000 0.000000 2.000000
LANDMARK 65 1584 2.311078 2.722828 2.000000 0.000000 2.000000
LANDMARK 64 1584 2.343526 3.023438 2.000000 0.000000 2.000000
LANDMARK 293 1592 0.597955 0.329625 2.000000 0.000000 2.000000
LANDMARK 292 1592 0.691039 0.344437 2.000000 0.000000 2.000000
LANDMARK 291 1592 0.795346 0.371073 2.000000 0.000000 2.000000
LANDMARK 290 1592 0.910928 0.401599 2.000000 0.000000 2.000000
LANDMARK 289 1592 1.037397 0.431287 2.000000 0.000000 2.000000
LANDMARK 288 1592 1.169442 0.466865 2.000000 0.000000 2.000000
LANDMARK 287 1592 1.303978 0.510851 2.000000 0.000000 2.000000
LANDMARK 286 1592 1.438967 0.563578 2.000000 0.000000 2.000000
LANDMARK 285 1592 1.572358 0.625468 2.000000 0.000000 2.000000
LANDMARK 284 1592 1.702018 0.697083 2.000000 0.000000 2.000000
LANDMARK 283 1592 1.825656 0.779179 2.000000 0.000000 2.000000
LANDMARK 282 1592 1.940717 0.872783 2.000000 0.000000 2.000000
LANDMARK 281 1592 2.044230 0.979293 2.000000 0.000000 2.000000
LANDMARK 280 1592 2.132565 1.100628 2.000000 0.000000 2.000000
LANDMARK 279 1592 2.202380 1.238268 2.000000 0.000000 2.000000
LANDMARK 278 1592 2.256073 1.387755 2.000000 0.000000 2.000000
LANDMARK 277 1592 2.298079 1.543780 2.000000 0.000000 2.000000
LANDMARK 276 1592 2.333742 1.701547 2.000000 0.000000 2.000000
LANDMARK 275 1592 2.369206 1.856928 2.000000 0.000000 2.000000
LANDMARK 274 1592 2.410510 2.007314 2.000000 0.000000 2.000000
LANDMARK 273 1592 2.462774 2.151923 2.000000 0.000000 2.000000
LANDMARK 272 1592 2.529798 2.291594 2.000000 0.000000 2.000000
LANDMARK 271 1592 2.614095 2.428299 2.000000 0.000000 2.000000
LANDMARK 270 1592 2.717221 2.564622 2.000000 0.000000 2.000000
LANDMARK 269 1592 2.831663 2.711050 2.000000 0.000000 2.000000
LANDMARK 124 1592 0.099912 1.357399 2.000000 0.000000 2.000000
LANDMARK 123 1592 -0.086433 1.464591 2.000000 0.000000 2.000000
LANDMARK 122 1592 -0.389232 1.547080 2.000000 0.000000 2.000000
LANDMARK 121 1592 -0.802951 1.544584 2.000000 0.000000 2.000000
LANDMARK 120 1592 -1.276073 1.409469 2.000000 0.000000 2.000000
LANDMARK 119 1592 -1.724941 1.154801 2.000000 0.000000 2.000000
LANDMARK 118 1592 -2.087196 0.869965 2.000000 0.000000 2.000000
LANDMARK 117 1592 -2.385200 0.575248 2.000000 0.000000 2.000000
LANDMARK 116 1592 -2.634815 0.263610 2.000000 0.000000 2.000000
LANDMARK 115 1592 -2.837502 -0.073098 2.000000 0.000000 2.000000
LANDMARK 114 1592 -2.985146 -0.444499 2.000000 0.000000 2.000000
LANDMARK 113 1592 -3.058978 -0.865453 2.000000 0.000000 2.000000
LANDMARK 87 1592 0.979464 -0.853297 2.000000 0.000000 2.000000
LANDMARK 86 1592 0.947576 -1.037433 2.000000 0.000000 2.000000
LANDMARK 85 1592 0.935484 -1.203322 2.000000 0.000000 2.000000
LANDMARK 84 1592 0.954810 -1.347860 2.000000 0.000000 2.000000
LANDMARK 83 1592 1.018683 -1.464384 2.000000 0.000000 2.000000
LANDMARK 82 1592 1.141758 -1.539991 2.000000 0.000000 2.000000
LANDMARK 81 1592 1.338357 -1.551349 2.000000 0.000000 2.000000
LANDMARK 80 1592 1.615418 -1.459968 2.000000 0.000000 2.000000
LANDMARK 79 1592 1.948770 -1.225058 2.000000 0.000000 2.000000
LANDMARK 78 1592 2.261057 -0.871407 2.000000 0.000000 2.000000
LANDMARK 77 1592 2.502452 -0.453574 2.000000 0.000000 2.000000
LANDMARK 76 1592 2.664142 -0.026537 2.000000 0.000000 2.000000
LANDMARK 75 1592 2.763645 0.373621 2.000000 0.000000 2.000000
LANDMARK 74 1592 2.825508 0.734130 2.000000 0.000000 2.000000
LANDMARK 73 1592 2.870147 1.056472 2.000000 0.000000 2.000000
LANDMARK 72 1592 2.911756 1.347525 2.000000 0.000000 2.000000
LANDMARK 71 1592 2.959782 1.614798 2.000000 0.000000 2.000000
LANDMARK 70 1592 3.020741 1.864605 2.000000 0.000000 2.000000
LANDMARK 69 1592 3.095429 2.106574 2.000000 0.000000 2.000000
LANDMARK 68 1592 3.169669 2.362332 2.000000 0.000000 2.000000
LANDMARK 320 1623 -0.020624 0.769693 2.000000 0.000000 2.000000
LANDMARK 319 1623 -0.299109 0.875925 2.000000 0.000000 2.000000
LANDMARK 318 1623 -0.607643 0.947320 2.000000 0.000000 2.000000
LANDMARK 317 1623 -0.939717 0.984583 2.000000 0.000000 2.000000
LANDMARK 316 1623 -1.290289 0.986534 2.000000 0.000000 2.000000
LANDMARK 315 1623 -1.654102 0.950759 2.000000 0.000000 2.000000
LANDMARK 314 1623 -2.025441 0.873871 2.000000 0.000000 2.000000
LANDMARK 313 1623 -2.397897 0.751597 2.000000 0.000000 2.000000
LANDMARK 312 1623 -2.764056 0.578757 2.000000 0.000000 2.000000
LANDMARK 311 1623 -3.115041 0.349196 2.000000 0.000000 2.000000
LANDMARK 310 1623 -3.439828 0.055734 2.000000 0.000000 2.000000
LANDMARK 309 1623 -3.725396 -0.302330 2.000000 0.000000 2.000000
LANDMARK 153 1623 -0.528734 -0.463425 2.000000 0.000000 2.000000
LANDMARK 152 1623 -0.654273 -0.443587 2.000000 0.000000 2.000000
LANDMARK 151 1623 -0.815522 -0.406587 2.000000 0.000000 2.000000
LANDMARK 150 1623 -1.009818 -0.347174 2.000000 0.000000 2.000000
LANDMARK 149 1623 -1.233592 -0.264472 2.000000 0.000000 2.000000
LANDMARK 148 1623 -1.479179 -0.171942 2.000000 0.000000 2.000000
LANDMARK 147 1623 -1.742803 -0.075553 2.000000 0.000000 2.000000
LANDMARK 146 1623 -2.020927 0.020949 2.000000 0.000000 2.000000
LANDMARK 145 1623 -2.309626 0.113102 2.000000 0.000000 2.000000
LANDMARK 144 1623 -2.604772 0.195752 2.000000 0.000000 2.000000
LANDMARK 143 1623 -2.902102 0.262889 2.000000 0.000000 2.000000
LANDMARK 142 1623 -3.197201 0.307288 2.000000 0.000000 2.000000
LANDMARK 141 1623 -3.485402 0.319812 2.000000 0.000000 2.000000
LANDMARK 140 1623 -3.761497 0.288135 2.000000 0.000000 2.000000
LANDMARK 107 1623 -3.092617 1.772412 2.000000 0.000000 2.000000
LANDMARK 106 1623 -3.479359 1.156382 2.000000 0.000000 2.000000
LANDMARK 105 1623 -3.732156 0.725098 2.000000 0.000000 2.000000
LANDMARK 104 1623 -3.945549 0.377228 2.000000 0.000000 2.000000
LANDMARK 323 1634 -1.380014 0.308012 2.000000 0.000000 2.000000
LANDMARK 322 1634 -1.505148 0.291462 2.000000 0.000000 2.000000
LANDMARK 321 1634 -1.667881 0.280859 2.000000 0.000000 2.000000
LANDMARK 320 1634 -1.868918 0.265807 2.000000 0.000000 2.000000
LANDMARK 319 1634 -2.106426 0.240554 2.000000 0.000000 2.000000
LANDMARK 318 1634 -2.374269 0.206288 2.000000 0.000000 2.000000
LANDMARK 317 1634 -2.666761 0.155481 2.000000 0.000000 2.000000
LANDMARK 316 1634 -2.978032 0.080103 2.000000 0.000000 2.000000
LANDMARK 315 1634 -3.301728 -0.026699 2.000000 0.000000 2.000000
LANDMARK 314 1634 -3.630899 -0.171402 2.000000 0.000000 2.000000
LANDMARK 313 1634 -3.957737 -0.360605 2.000000 0.000000 2.000000
LANDMARK 155 1634 -2.251382 -0.970527 2.000000 0.000000 2.000000
LANDMARK 154 1634 -2.229070 -1.163932 2.000000 0.000000 2.000000
LANDMARK 153 1634 -2.271770 -1.258359 2.000000 0.000000 2.000000
LANDMARK 152 1634 -2.378319 -1.278908 2.000000 0.000000 2.000000
LANDMARK 151 1634 -2.538777 -1.243537 2.000000 0.000000 2.000000
LANDMARK 150 1634 -2.743492 -1.162324 2.000000 0.000000 2.000000
LANDMARK 149 1634 -2.981401 -1.048854 2.000000 0.000000 2.000000
LANDMARK 148 1634 -3.235902 -0.936153 2.000000 0.000000 2.000000
LANDMARK 147 1634 -3.503799 -0.829867 2.000000 0.000000 2.000000
LANDMARK 146 1634 -3.782974 -0.730906 2.000000 0.000000 2.000000
LANDMARK 330 1652 0.829433 0.018565 2.000000 0.000000 2.000000
LANDMARK 329 1652 0.877613 0.174638 2.000000 0.000000 2.000000
LANDMARK 328 1652 0.891263 0.395992 2.000000 0.000000 2.000000
LANDMARK 327 1652 0.847611 0.649189 2.000000 0.000000 2.000000
LANDMARK 326 1652 0.741663 0.905123 2.000000 0.000000 2.000000
LANDMARK 325 1652 0.581085 1.143144 2.000000 0.000000 2.000000
LANDMARK 324 1652 0.376072 1.353488 2.000000 0.000000 2.000000
LANDMARK 323 1652 0.134220 1.532897 2.000000 0.000000 2.000000
LANDMARK 322 1652 -0.139930 1.680501 2.000000 0.000000 2.000000
LANDMARK 321 1652 -0.443849 1.795783 2.000000 0.000000 2.000000
LANDMARK 320 1652 -0.776048 1.877912 2.000000 0.000000 2.000000
LANDMARK 319 1652 -1.132199 1.927009 2.000000 0.000000 2.000000
LANDMARK 318 1652 -1.501373 1.947352 2.000000 0.000000 2.000000
LANDMARK 317 1652 -1.882698 1.938314 2.000000 0.000000 2.000000
LANDMARK 316 1652 -2.275477 1.896601 2.000000 0.000000 2.000000
LANDMARK 315 1652 -2.677138 1.818061 2.000000 0.000000 2.000000
LANDMARK 314 1652 -3.083733 1.697784 2.000000 0.000000 2.000000
LANDMARK 313 1652 -3.490070 1.530040 2.000000 0.000000 2.000000
LANDMARK 159 1652 -0.490796 0.903006 2.000000 0.000000 2.000000
LANDMARK 158 1652 -0.604773 0.908198 2.000000 0.000000 2.000000
LANDMARK 157 1652 -0.781111 0.857075 2.000000 0.000000 2.000000
LANDMARK 156 1652 -0.978116 0.754522 2.000000 0.000000 2.000000
LANDMARK 155 1652 -1.156058 0.639912 2.000000 0.000000 2.000000
LANDMARK 154 1652 -1.309409 0.552889 2.000000 0.000000 2.000000
LANDMARK 153 1652 -1.452753 0.508689 2.000000 0.000000 2.000000
LANDMARK 152 1652 -1.600686 0.506739 2.000000 0.000000 2.000000
LANDMARK 151 1652 -1.762832 0.542845 2.000000 0.000000 2.000000
LANDMARK 150 1652 -1.945079 0.614129 2.000000 0.000000 2.000000
LANDMARK 149 1652 -2.151717 0.713211 2.000000 0.000000 2.000000
LANDMARK 148 1652 -2.385989 0.816245 2.000000 0.000000 2.000000
LANDMARK 147 1652 -2.644038 0.917720 2.000000 0.000000 2.000000
LANDMARK 146 1652 -2.920774 1.015480 2.000000 0.000000 2.000000
LANDMARK 145 1652 -3.211530 1.105767 2.000000 0.000000 2.000000
LANDMARK 144 1652 -3.511913 1.183634 2.000000 0.000000 2.000000
LANDMARK 5 1652 1.057133 0.218474 2.000000 0.000000 2.000000
LANDMARK 4 1652 1.133547 0.437452 2.000000 0.000000 2.000000
LANDMARK 3 1652 1.183694 0.625024 2.000000 0.000000 2.000000
LANDMARK 2 1652 1.211267 0.773348 2.000000 0.000000 2.000000
LANDMARK 1 1652 1.219803 0.874919 2.000000 0.000000 2.000000
LANDMARK 338 1664 0.471863 -0.831547 2.000000 0.000000 2.000000
LANDMARK 337 1664 0.445326 -0.964848 2.000000 0.000000 2.000000
LANDMARK 336 1664 0.365728 -1.118222 2.000000 0.000000 2.000000
LANDMARK 335 1664 0.257541 -1.265089 2.000000 0.000000 2.000000
LANDMARK 334 1664 0.156082 -1.394099 2.000000 0.000000 2.000000
LANDMARK 333 1664 0.097479 -1.506580 2.000000 0.000000 2.000000
LANDMARK 332 1664 0.118424 -1.605835 2.000000 0.000000 2.000000
LANDMARK 331 1664 0.261892 -1.682548 2.000000 0.000000 2.000000
LANDMARK 330 1664 0.573040 -1.692019 2.000000 0.000000 2.000000
LANDMARK 329 1664 1.031392 -1.548204 2.000000 0.000000 2.000000
LANDMARK 328 1664 1.478574 -1.230938 2.000000 0.000000 2.000000
LANDMARK 327 1664 1.814470 -0.785042 2.000000 0.000000 2.000000
LANDMARK 314 1664 -1.450744 2.268032 2.000000 0.000000 2.000000
LANDMARK 313 1664 -1.882646 2.168805 2.000000 0.000000 2.000000
LANDMARK 312 1664 -2.312002 2.017371 2.000000 0.000000 2.000000
LANDMARK 311 1664 -2.731974 1.807696 2.000000 0.000000 2.000000
LANDMARK 310 1664 -3.133854 1.532331 2.000000 0.000000 2.000000
LANDMARK 309 1664 -3.504530 1.189373 2.000000 0.000000 2.000000
LANDMARK 308 1664 -3.827401 0.804036 2.000000 0.000000 2.000000
LANDMARK 234 1664 -2.788177 -2.840380 2.000000 0.000000 2.000000
LANDMARK 149 1664 -0.450180 1.024026 2.000000 0.000000 2.000000
LANDMARK 148 1664 -0.680987 1.107453 2.000000 0.000000 2.000000
LANDMARK 147 1664 -0.937424 1.199329 2.000000 0.000000 2.000000
LANDMARK 146 1664 -1.213769 1.294706 2.000000 0.000000 2.000000
LANDMARK 145 1664 -1.505107 1.388528 2.000000 0.000000 2.000000
LANDMARK 144 1664 -1.807009 1.475414 2.000000 0.000000 2.000000
LANDMARK 143 1664 -2.115416 1.549391 2.000000 0.000000 2.000000
LANDMARK 142 1664 -2.426622 1.603501 2.000000 0.000000 2.000000
LANDMARK 141 1664 -2.737322 1.629140 2.000000 0.000000 2.000000
LANDMARK 140 1664 -3.044686 1.614839 2.000000 0.000000 2.000000
LANDMARK 139 1664 -3.346474 1.546050 2.000000 0.000000 2.000000
LANDMARK 138 1664 -3.639952 1.412044 2.000000 0.000000 2.000000
LANDMARK 107 1664 -1.704296 2.361077 2.000000 0.000000 2.000000
LANDMARK 106 1664 -2.259275 2.042585 2.000000 0.000000 2.000000
LANDMARK 105 1664 -2.661952 1.787465 2.000000 0.000000 2.000000
LANDMARK 104 1664 -3.006643 1.557234 2.000000 0.000000 2.000000
LANDMARK 103 1664 -3.327570 1.311961 2.000000 0.000000 2.000000
LANDMARK 102 1664 -3.632228 1.016389 2.000000 0.000000 2.000000
LANDMARK 101 1664 -3.912361 0.635356 2.000000 0.000000 2.000000
LANDMARK 26 1664 -0.877734 2.232043 2.000000 0.000000 2.000000
LANDMARK 25 1664 -1.119573 2.299871 2.000000 0.000000 2.000000
LANDMARK 24 1664 -1.428314 2.326831 2.000000 0.000000 2.000000
LANDMARK 23 1664 -1.800960 2.275337 2.000000 0.000000 2.000000
LANDMARK 22 1664 -2.235886 2.087952 2.000000 0.000000 2.000000
LANDMARK 344 1679 -0.095403 1.147328 2.000000 0.000000 2.000000
LANDMARK 343 1679 0.125298 1.347238 2.000000 0.000000 2.000000
LANDMARK 342 1679 0.358247 1.524319 2.000000 0.000000 2.000000
LANDMARK 341 1679 0.623269 1.653536 2.000000 0.000000 2.000000
LANDMARK 340 1679 0.947014 1.695676 2.000000 0.000000 2.000000
LANDMARK 339 1679 1.343166 1.592077 2.000000 0.000000 2.000000
LANDMARK 338 1679 1.739634 1.333948 2.000000 0.000000 2.000000
LANDMARK 337 1679 2.068187 0.949030 2.000000 0.000000 2.000000
LANDMARK 336 1679 2.285208 0.498011 2.000000 0.000000 2.000000
LANDMARK 330 1679 2.597399 -0.209258 2.000000 0.000000 2.000000
LANDMARK 329 1679 2.649493 0.369700 2.000000 0.000000 2.000000
LANDMARK 328 1679 2.555104 1.035710 2.000000 0.000000 2.000000
LANDMARK 327 1679 2.304837 1.675882 2.000000 0.000000 2.000000
LANDMARK 326 1679 1.937581 2.227011 2.000000 0.000000 2.000000
LANDMARK 325 1679 1.504891 2.667674 2.000000 0.000000 2.000000
LANDMARK 324 1679 1.044137 3.006152 2.000000 0.000000 2.000000
LANDMARK 323 1679 0.573996 3.260382 2.000000 0.000000 2.000000
LANDMARK 322 1679 0.100671 3.446774 2.000000 0.000000 2.000000
LANDMARK 321 1679 -0.375724 3.577065 2.000000 0.000000 2.000000
LANDMARK 320 1679 -0.857330 3.658643 2.000000 0.000000 2.000000
LANDMARK 319 1679 -1.341205 3.697298 2.000000 0.000000 2.000000
LANDMARK 168 1679 0.033858 1.140634 2.000000 0.000000 2.000000
LANDMARK 167 1679 0.214801 1.277413 2.000000 0.000000 2.000000
LANDMARK 166 1679 0.379579 1.408818 2.000000 0.000000 2.000000
LANDMARK 165 1679 0.524794 1.536446 2.000000 0.000000 2.000000
LANDMARK 164 1679 0.646248 1.662118 2.000000 0.000000 2.000000
LANDMARK 163 1679 0.738388 1.787957 2.000000 0.000000 2.000000
LANDMARK 162 1679 0.793301 1.916448 2.000000 0.000000 2.000000
LANDMARK 161 1679 0.798783 2.050357 2.000000 0.000000 2.000000
LANDMARK 160 1679 0.734410 2.192015 2.000000 0.000000 2.000000
LANDMARK 159 1679 0.562569 2.341070 2.000000 0.000000 2.000000
LANDMARK 158 1679 0.235078 2.480540 2.000000 0.000000 2.000000
LANDMARK 157 1679 -0.243113 2.556535 2.000000 0.000000 2.000000
LANDMARK 156 1679 -0.774859 2.525480 2.000000 0.000000 2.000000
LANDMARK 155 1679 -1.234629 2.420764 2.000000 0.000000 2.000000
LANDMARK 154 1679 -1.575061 2.315568 2.000000 0.000000 2.000000
LANDMARK 153 1679 -1.819718 2.253093 2.000000 0.000000 2.000000
LANDMARK 152 1679 -2.008186 2.242121 2.000000 0.000000 2.000000
LANDMARK 151 1679 -2.171972 2.277841 2.000000 0.000000 2.000000
LANDMARK 150 1679 -2.332305 2.354147 2.000000 0.000000 2.000000
LANDMARK 149 1679 -2.508130 2.459801 2.000000 0.000000 2.000000
LANDMARK 148 1679 -2.722274 2.566822 2.000000 0.000000 2.000000
LANDMARK 147 1679 -2.970467 2.670162 2.000000 0.000000 2.000000
LANDMARK 13 1679 0.681045 -0.551786 2.000000 0.000000 2.000000
LANDMARK 12 1679 0.990683 -0.376970 2.000000 0.000000 2.000000
LANDMARK 11 1679 1.271654 -0.151709 2.000000 0.000000 2.000000
LANDMARK 10 1679 1.517305 0.115855 2.000000 0.000000 2.000000
LANDMARK 9 1679 1.721283 0.416329 2.000000 0.000000 2.000000
LANDMARK 8 1679 1.884108 0.728671 2.000000 0.000000 2.000000
LANDMARK 7 1679 2.009960 1.038690 2.000000 0.000000 2.000000
LANDMARK 6 1679 2.102825 1.336602 2.000000 0.000000 2.000000
LANDMARK 5 1679 2.166509 1.613785 2.000000 0.000000 2.000000
LANDMARK 4 1679 2.204590 1.862399 2.000000 0.000000 2.000000
LANDMARK 3 1679 2.220437 2.075118 2.000000 0.000000 2.000000
LANDMARK 2 1679 2.217271 2.244934 2.000000 0.000000 2.000000
LANDMARK 1 1679 2.198371 2.364889 2.000000 0.000000 2.000000
LANDMARK 223 1770 -3.851255 0.037798 2.000000 0.000000 2.000000
LANDMARK 222 1771 -2.690024 -0.664453 2.000000 0.000000 2.000000
LANDMARK 222 1772 -3.640738 -0.520987 2.000000 0.000000 2.000000
LANDMARK 222 1773 -3.912634 -0.587594 2.000000 0.000000 2.000000
LANDMARK 222 1774 -0.298924 -3.760153 2.000000 0.000000 2.000000
LANDMARK 221 1775 -2.503541 -1.357210 2.000000 0.000000 2.000000
LANDMARK 221 1776 -3.462213 -1.430613 2.000000 0.000000 2.000000
LANDMARK 221 1777 0.520917 -3.837809 2.000000 0.000000 2.000000
LANDMARK 220 1777 1.938564 -3.458811 2.000000 0.000000 2.000000
LANDMARK 220 1778 2.981715 -0.628486 2.000000 0.000000 2.000000
LANDMARK 219 1779 3.013990 0.849023 2.000000 0.000000 2.000000
LANDMARK 112 1780 -2.577970 -2.417592 2.000000 0.000000 2.000000
LANDMARK 112 1781 -1.454683 -3.394095 2.000000 0.000000 2.000000
LANDMARK 112 1782 -3.019762 -1.362806 2.000000 0.000000 2.000000
LANDMARK 111 1783 2.870449 -2.750956 2.000000 0.000000 2.000000
LANDMARK 111 1784 -2.166954 -2.953488 2.000000 0.000000 2.000000
LANDMARK 111 1785 -0.899777 -3.734253 2.000000 0.000000 2.000000
LANDMARK 111 1786 -2.774449 -1.984621 2.000000 0.000000 2.000000
LANDMARK 110 1787 -1.218679 -3.542410 2.000000 0.000000 2.000000
LANDMARK 110 1788 0.214536 -3.943942 2.000000 0.000000 2.000000
LANDMARK 108 1789 -0.793039 2.699216 2.000000 0.000000 2.000000
LANDMARK 33 1790 0.788156 -2.797898 2.000000 0.000000 2.000000
LANDMARK 32 1791 0.349586 -2.999390 2.000000 0.000000 2.000000
LANDMARK 31 1791 -0.540563 -3.095527 2.000000 0.000000 2.000000
LANDMARK 30 1791 -1.695482 -2.806691 2.000000 0.000000 2.000000
LANDMARK 32 1792 1.156261 -2.476212 2.000000 0.000000 2.000000
LANDMARK 31 1792 0.384912 -2.834882 2.000000 0.000000 2.000000
LANDMARK 30 1792 -0.738122 -2.895585 2.000000 0.000000 2.000000
LANDMARK 32 1793 1.315574 -2.246031 2.000000 0.000000 2.000000
LANDMARK 31 1793 0.605279 -2.662248 2.000000 0.000000 2.000000
LANDMARK 30 1793 -0.470478 -2.813547 2.000000 0.000000 2.000000
LANDMARK 21 1794 -2.715216 1.673395 2.000000 0.000000 2.000000
